miRNA	PO1	PO2	PO3	PO4	PO5	PDE5.1	PDE5.2	PDE5.3	PDE5.4	PDE5.5
mmu-miR-193b-3p	154	335	304	391	292	167	163	143	139	118
mmu-miR-3058-3p	0	35	26	23	18	0	42	15	0	0
mmu-miR-186-3p	11	16	10	22	9	11	14	0	0	0
mmu-miR-16-2-3p	44	45	51	89	56	16	27	0	0	4
mmu-miR-342-3p	346	915	759	1093	631	424	539	216	205	151
mmu-miR-582-3p	464	414	472	602	227	115	137	36	18	11
mmu-let-7i-3p	99	195	163	191	166	96	108	54	40	33
mmu-miR-340-3p	57	163	172	245	125	31	85	9	7	10
mmu-miR-871-3p	9	32	0	14	6	6	9	9	5	0
mmu-miR-142a-3p	3673	3712	4254	9303	3301	518	1054	21	0	19
mmu-miR-361-3p	341	540	466	524	406	320	479	264	192	193
mmu-miR-1249-3p	176	360	256	336	263	243	220	188	175	192
mmu-let-7a-2-3p	10	19	13	14	15	0	18	0	0	0
mmu-miR-141-3p	42	74	52	88	55	15	45	0	0	0
mmu-miR-193a-3p	20	70	100	93	92	22	54	8	8	6
mmu-miR-148a-3p	66179	42168	41374	68245	39741	5032	9325	980	920	1203
mmu-miR-147-3p	33	42	80	92	28	8	8	0	0	0
mmu-miR-21a-3p	335	197	733	828	231	66	92	21	32	15
mmu-miR-423-3p	1330	4169	3419	3651	2826	2984	2771	2179	2393	2255
mmu-miR-328-3p	2387	5116	3559	3751	3512	3578	3707	2820	2902	3133
mmu-miR-200c-3p	0	13	15	12	22	21	20	7	6	6
mmu-miR-1247-3p	27	0	49	52	22	25	76	13	11	18
mmu-miR-25-3p	7158	8443	6628	8433	6225	3863	5155	1621	1412	701
mmu-let-7e-3p	61	105	103	125	78	55	82	46	45	48
mmu-miR-144-3p	263	396	871	983	689	11	19	5	2	5
mmu-miR-339-3p	146	417	433	461	297	225	291	161	168	132
mmu-miR-486a-3p	6632	6543	4552	6035	2962	2895	2977	2156	2104	2139
mmu-miR-667-3p	15	29	62	51	35	35	37	19	37	0
mmu-miR-98-3p	107	173	141	212	116	9	18	0	0	3
mmu-miR-143-3p	728890	538258	485697	800463	464580	103401	189739	10680	8238	5566
mmu-miR-130b-3p	51	72	95	118	57	52	74	15	17	10
mmu-miR-320-3p	1360	2868	2163	2234	1755	2037	1667	1454	1491	1814
mmu-miR-23b-3p	18084	27884	31117	36254	16311	13386	12652	7404	6548	4357
mmu-miR-429-3p	10	13	24	15	7	6	11	0	0	0
mmu-miR-708-3p	34	38	32	0	18	13	0	0	0	0
mmu-miR-547-3p	50	87	68	93	59	15	34	0	0	0
mmu-miR-27b-3p	424269	462856	497030	821510	345471	133071	197162	30526	23833	13830
mmu-miR-375-3p	13	39	18	24	18	9	23	0	8	12
mmu-miR-23a-3p	15056	22513	24854	29013	12459	10724	9088	3196	2723	1668
mmu-miR-15a-3p	20	24	34	24	18	0	14	6	0	0
mmu-miR-490-3p	1264	1820	1835	2954	1235	1068	1257	469	545	332
mmu-miR-125b-1-3p	308	448	704	640	337	347	276	226	269	254
mmu-miR-488-3p	58	85	97	85	69	0	33	10	0	0
mmu-miR-1948-3p	26	30	43	46	25	11	36	6	2	6
mmu-miR-29a-3p	13478	35760	29884	37010	26210	12858	17310	4964	3605	2951
mmu-miR-130a-3p	3121	4630	4760	6811	3592	2683	2932	731	607	270
mmu-miR-411-3p	32	32	42	61	30	14	9	2	6	0
mmu-miR-1964-3p	80	98	85	104	94	99	89	67	65	57
mmu-miR-208a-3p	1819	3080	3205	5292	2648	277	539	17	12	14
mmu-miR-301a-3p	2229	1693	1685	3935	1430	132	305	34	38	57
mmu-miR-501-3p	111	138	137	158	116	157	178	116	127	118
mmu-miR-16-1-3p	21	44	58	40	26	0	16	0	0	0
mmu-miR-671-3p	418	598	561	567	414	309	314	231	317	236
mmu-miR-10a-3p	37	48	44	37	5	30	22	3	0	3
mmu-miR-362-3p	48	68	67	79	60	10	22	0	0	0
mmu-miR-425-3p	123	260	243	251	170	171	225	106	103	107
mmu-miR-22-3p	725515	1203982	1040025	1596831	930324	552284	767291	194129	133533	95173
mmu-miR-1943-3p	8	18	19	14	22	12	31	8	9	8
mmu-miR-331-3p	120	460	426	639	394	317	358	243	225	172
mmu-miR-330-3p	45	83	66	92	51	45	84	49	57	36
mmu-miR-145a-3p	1267	2506	2029	2961	2210	304	680	20	9	12
mmu-miR-150-3p	28	55	28	33	27	25	29	18	21	16
mmu-miR-3068-3p	143	179	200	335	130	22	67	4	12	6
mmu-miR-101a-3p	15681	18632	15220	23565	13150	842	1198	51	0	90
mmu-miR-148b-3p	4390	4314	3917	6247	3042	1633	1893	1027	1066	781
mmu-miR-187-3p	41	132	127	127	74	72	106	33	34	27
mmu-miR-222-3p	1522	1757	2749	2957	1457	1410	1532	1019	928	553
mmu-miR-511-3p	36	60	59	102	32	22	49	4	6	0
mmu-miR-500-3p	32	52	67	81	49	37	54	11	26	30
mmu-miR-505-3p	0	17	16	16	11	0	18	3	0	0
mmu-miR-409-3p	101	77	127	177	78	70	46	22	63	28
mmu-miR-30e-3p	8618	10227	6803	8557	8450	3531	4869	1028	815	606
mmu-miR-345-3p	242	371	332	551	299	227	333	89	70	69
mmu-miR-203-3p	691	601	481	717	483	172	278	11	11	14
mmu-miR-218-1-3p	20	33	15	19	8	15	14	0	6	14
mmu-miR-184-3p	57	48	62	131	26	43	20	32	25	9
mmu-miR-126a-3p	32164	53105	44467	81111	44330	22520	34624	2429	1209	598
mmu-miR-872-3p	70	335	308	435	226	115	162	32	30	11
mmu-miR-485-3p	16	14	25	22	10	12	14	0	4	6
mmu-miR-17-3p	22	87	70	81	50	48	64	34	22	25
mmu-miR-652-3p	784	1298	1131	1366	1023	934	870	550	577	596
mmu-miR-450b-3p	11	18	11	20	11	9	11	0	0	0
mmu-miR-34c-3p	33	37	49	48	32	12	40	0	6	0
mmu-miR-455-3p	230	134	486	884	466	95	94	93	74	65
mmu-miR-27a-3p	17418	27720	29961	44238	20788	6996	10863	1681	1336	1007
mmu-miR-700-3p	35	43	32	74	34	26	39	25	25	29
mmu-miR-181a-1-3p	3379	4237	3154	3669	2951	2632	2437	1170	1154	973
mmu-miR-100-3p	17	20	19	13	14	4	13	0	0	0
mmu-miR-350-3p	45	82	71	104	50	18	30	4	8	0
mmu-miR-877-3p	25	48	40	36	29	30	41	33	25	18
mmu-miR-214-3p	788	1731	2202	2569	1220	1158	815	737	873	889
mmu-miR-674-3p	311	786	741	801	534	353	407	151	170	115
mmu-let-7c-1-3p	46	87	102	128	75	10	30	5	0	0
mmu-miR-99a-3p	196	208	260	217	169	68	93	22	20	18
mmu-miR-30b-3p	85	101	70	86	76	54	69	33	24	12
mmu-miR-212-3p	284	376	403	777	221	216	805	140	130	115
mmu-miR-221-3p	4527	4816	5068	5682	3568	2828	3236	1934	1509	959
mmu-miR-503-3p	48	77	86	96	59	63	73	32	33	24
mmu-let-7b-3p	555	1115	906	1026	834	522	589	328	342	258
mmu-miR-99b-3p	91	117	158	161	75	66	124	64	55	59
mmu-miR-30c-1-3p	309	541	428	419	392	382	385	171	161	161
mmu-miR-30d-3p	500	783	695	930	589	80	164	15	10	10
mmu-miR-543-3p	10	12	11	22	0	8	8	4	0	0
mmu-miR-1198-3p	0	0	13	18	0	10	19	0	0	0
mmu-miR-3098-3p	18	18	24	18	12	6	34	9	10	0
mmu-miR-335-3p	604	448	486	990	346	82	225	14	12	0
mmu-miR-598-3p	26	20	26	38	26	0	15	0	0	0
mmu-miR-93-3p	21	68	51	51	42	42	74	31	27	15
mmu-miR-378a-3p	206245	292244	201795	245493	202568	160240	203613	72903	64854	46024
mmu-miR-151-3p	38191	37004	29995	39539	27476	23940	26625	17323	16217	12523
mmu-miR-185-3p	77	88	69	66	58	44	81	21	23	27
mmu-miR-195a-3p	383	491	460	523	338	267	273	144	151	120
mmu-miR-219a-1-3p	26	53	29	27	42	25	50	19	20	24
mmu-miR-34b-3p	30	46	92	83	42	24	24	6	11	0
mmu-miR-338-3p	263	400	331	359	291	58	168	38	22	32
mmu-miR-140-3p	8851	8703	11754	12126	8267	4984	4329	2456	4313	2834
mmu-miR-3061-3p	70	80	72	103	41	33	63	7	0	0
mmu-miR-676-3p	690	1124	988	764	703	859	613	488	525	734
mmu-miR-181c-3p	730	850	679	985	520	279	419	136	110	77
mmu-miR-379-3p	18	31	49	46	25	9	23	4	0	2
mmu-miR-540-3p	35	38	47	53	43	33	32	17	21	20
mmu-miR-483-3p	36	0	51	36	27	31	103	18	30	0
mmu-let-7g-3p	39	64	78	71	67	37	54	0	12	9
mmu-miR-152-3p	1401	1627	1629	2626	1273	586	733	77	53	0
mmu-miR-200b-3p	8	11	26	17	16	13	10	0	0	8
mmu-miR-300-3p	227	277	364	446	233	118	136	32	29	39
mmu-miR-673-3p	34	54	47	48	25	26	63	22	12	21
mmu-miR-666-3p	10	16	20	22	11	7	14	0	7	0
mmu-let-7d-3p	2330	5129	3974	4809	4257	3829	4227	2738	2899	2299
mmu-miR-19a-3p	61	64	60	143	52	11	0	0	0	0
mmu-miR-381-3p	180	207	196	268	215	65	86	14	14	11
mmu-miR-101b-3p	2470	2471	2227	3996	1752	187	428	14	17	12
mmu-miR-322-3p	744	1025	1055	1585	722	456	560	59	56	25
mmu-miR-107-3p	3008	3767	2986	3962	2532	2090	2456	798	724	375
mmu-miR-542-3p	135	93	70	207	51	12	21	0	0	0
mmu-miR-223-3p	432	699	831	982	683	128	178	16	13	6
mmu-miR-29c-3p	1774	3942	2826	4046	3007	534	1157	73	47	54
mmu-miR-3109-3p	14	17	20	33	17	11	18	0	4	0
mmu-miR-139-3p	44	82	67	48	47	48	64	26	40	45
mmu-miR-3065-3p	153	311	192	114	75	92	224	0	0	134
mmu-miR-329-3p	94	74	76	83	31	0	23	0	0	6
mmu-miR-106b-3p	239	341	258	305	191	206	238	148	179	128
mmu-miR-10b-3p	12	11	21	13	6	10	13	0	0	0
mmu-miR-7a-1-3p	32	67	37	67	34	10	11	0	0	0
mmu-miR-421-3p	272	319	371	471	243	167	177	28	20	11
mmu-miR-28a-3p	717	875	759	987	648	563	709	338	308	193
mmu-miR-26b-3p	54	243	172	163	151	65	100	26	25	19
mmu-miR-433-3p	41	48	56	45	20	31	42	16	22	35
mmu-miR-574-3p	542	1181	1295	1306	941	718	614	347	343	258
mmu-miR-191-3p	74	142	136	143	99	45	91	24	13	15
mmu-miR-324-3p	45	96	91	100	66	64	90	50	55	58
mmu-miR-133b-3p	8578	21745	14754	17688	9211	6453	8757	4943	3695	3345
mmu-let-7f-1-3p	132	235	189	279	198	0	91	0	0	0
mmu-miR-30a-3p	6253	7915	5692	7108	5726	3302	4461	1174	1040	677
mmu-miR-30c-2-3p	677	1034	730	732	686	696	680	307	322	287
mmu-miR-127-3p	15258	13627	16776	19882	10956	11737	7557	5029	6651	5773
mmu-miR-125b-2-3p	2482	3284	3455	4402	2473	1373	1620	388	312	221
mmu-miR-208b-3p	15264	10492	22439	34711	8218	1067	994	97	102	156
mmu-miR-410-3p	260	170	306	480	137	103	100	24	42	12
mmu-miR-744-3p	34	77	69	93	79	15	36	8	0	0
mmu-miR-210-3p	672	739	1178	1710	521	452	448	175	218	128
mmu-miR-532-3p	20	75	79	69	62	55	58	49	38	39
mmu-miR-874-3p	54	160	102	111	89	90	142	62	53	49
mmu-miR-129-2-3p	0	37	39	25	30	30	54	0	0	0
mmu-miR-125a-3p	64	104	82	75	58	74	68	42	39	38
mmu-miR-132-3p	1828	1971	2658	4547	1158	1597	1147	842	950	608
mmu-miR-1933-3p	43	25	34	58	22	15	18	10	10	0
mmu-miR-326-3p	69	201	234	241	128	111	161	91	107	68
mmu-miR-499-3p	37	89	65	70	59	24	71	0	0	0
mmu-miR-92b-3p	560	758	762	706	612	592	421	317	481	437
mmu-miR-15b-3p	66	70	93	146	82	8	25	0	0	0
mmu-miR-18a-3p	17	15	15	29	14	13	18	9	12	0
mmu-miR-136-3p	65	75	105	149	46	8	9	0	0	0
mmu-miR-298-5p	154	159	198	259	81	83	74	61	93	58
mmu-miR-193b-5p	0	15	18	0	11	0	0	6	5	11
mmu-miR-186-5p	8948	13588	11280	16521	10115	6268	8343	1570	1070	497
mmu-miR-342-5p	15	23	28	34	13	26	28	8	11	11
mmu-miR-582-5p	29	41	58	70	24	6	8	0	0	0
mmu-let-7i-5p	25002	26755	28043	37775	19578	12590	13883	3680	3332	1862
mmu-miR-340-5p	1335	1090	1275	2372	836	111	160	28	19	51
mmu-miR-470-5p	20	29	20	28	18	15	0	0	8	0
mmu-miR-142a-5p	1087	1246	1846	3862	1142	56	68	10	5	19
mmu-miR-361-5p	737	970	901	1123	643	642	592	249	223	133
mmu-miR-149-5p	2590	16596	8921	7989	10921	8845	9700	6015	5065	4432
mmu-miR-193a-5p	8	13	22	18	11	11	8	13	4	8
mmu-miR-148a-5p	232	223	262	349	185	63	121	30	20	6
mmu-miR-21a-5p	44628	39963	67466	137223	29524	3220	5022	191	227	362
mmu-miR-423-5p	1114	2865	2262	2147	1847	2197	1758	1562	1799	1880
mmu-miR-224-5p	105	251	309	339	141	150	103	25	26	15
mmu-miR-1247-5p	403	676	774	1379	420	286	219	351	448	516
mmu-miR-25-5p	15	43	31	31	16	19	28	9	13	14
mmu-let-7e-5p	2027	3024	3025	3829	1701	2612	788	1346	1524	1246
mmu-miR-144-5p	460	393	519	1169	508	54	132	6	7	3
mmu-miR-339-5p	219	396	341	417	238	152	212	83	109	82
mmu-miR-369-5p	16	15	32	35	25	9	12	3	0	0
mmu-miR-486a-5p	142063	148879	92363	122235	108701	89404	95505	80395	69665	78216
mmu-miR-98-5p	2886	2658	2275	3768	1750	825	1145	42	30	24
mmu-miR-143-5p	151	273	212	376	263	132	174	50	74	46
mmu-miR-130b-5p	32	30	33	32	29	19	21	10	8	5
mmu-miR-23b-5p	0	12	20	16	16	0	19	0	3	9
mmu-miR-24-1-5p	51	102	91	155	67	24	47	16	8	5
mmu-miR-708-5p	20	20	13	16	13	16	0	0	0	0
mmu-miR-3086-5p	19	16	17	10	12	14	23	0	0	0
mmu-miR-27b-5p	481	569	723	859	361	255	289	79	70	39
mmu-miR-23a-5p	0	14	20	13	8	5	13	7	0	10
mmu-miR-351-5p	3260	4735	5189	7414	3129	3018	3271	2421	2887	2068
mmu-miR-15a-5p	1517	3189	2456	3629	2281	517	1144	60	34	33
mmu-miR-204-5p	2683	3950	3733	4299	2773	1834	2384	689	688	308
mmu-miR-490-5p	26	37	48	45	33	29	46	30	38	19
mmu-miR-155-5p	347	695	558	779	469	431	466	176	154	112
mmu-miR-29a-5p	147	274	229	271	131	85	128	6	0	0
mmu-miR-181d-5p	1855	2079	1753	2159	1335	1156	1230	439	456	237
mmu-miR-411-5p	2374	1950	2516	3843	1569	657	675	146	145	91
mmu-miR-208a-5p	109	548	327	458	408	395	471	344	236	246
mmu-miR-501-5p	31	49	49	39	31	39	0	13	14	10
mmu-miR-671-5p	49	95	98	154	86	60	81	25	19	25
mmu-miR-10a-5p	52891	65171	58580	49727	8777	32743	50125	1932	1964	2037
mmu-miR-362-5p	8	26	28	22	20	13	27	0	0	5
mmu-miR-425-5p	813	1102	1150	1732	798	575	700	231	209	92
mmu-miR-146a-5p	3497	3760	2570	3577	2680	1935	2439	487	234	132
mmu-miR-1943-5p	103	192	133	193	123	138	133	109	51	87
mmu-miR-22-5p	187	622	508	697	501	224	272	21	14	9
mmu-miR-1955-5p	16	21	24	26	24	7	33	7	0	12
mmu-miR-331-5p	34	43	23	31	38	28	45	10	18	17
mmu-miR-1934-5p	0	26	31	29	17	19	30	11	10	8
mmu-miR-330-5p	165	239	252	314	187	113	150	54	51	46
mmu-miR-31-5p	473	906	862	967	547	452	398	174	215	169
mmu-miR-145a-5p	1353	4527	3643	4744	3630	2743	3396	1482	1325	908
mmu-miR-150-5p	1576	11892	6487	5734	7459	6318	7986	4124	3396	3869
mmu-miR-3068-5p	39	43	57	71	16	13	15	3	0	0
mmu-miR-101a-5p	83	186	119	130	92	19	44	0	0	0
mmu-miR-148b-5p	46	139	169	269	133	31	64	16	11	8
mmu-miR-196b-5p	11	0	22	12	0	11	16	4	0	0
mmu-miR-382-5p	24	23	20	16	8	25	22	0	14	7
mmu-miR-154-5p	24	35	37	41	34	16	21	0	8	2
mmu-miR-187-5p	0	34	32	23	0	21	0	0	0	0
mmu-miR-222-5p	56	46	72	80	39	24	35	5	7	0
mmu-miR-505-5p	154	308	455	432	253	176	287	160	105	84
mmu-miR-30e-5p	110597	130202	95332	141520	110535	25976	53896	2238	1357	1357
mmu-miR-345-5p	195	386	291	395	277	201	316	119	96	76
mmu-miR-190b-5p	23	34	17	28	20	9	23	0	0	0
mmu-miR-20a-5p	320	547	358	668	404	225	346	19	12	12
mmu-miR-126a-5p	186699	159075	135601	270193	147469	15282	35497	907	705	741
mmu-miR-497a-5p	1079	4229	4396	4344	2858	1437	1806	689	692	390
mmu-miR-872-5p	354	556	614	817	420	101	191	7	7	7
mmu-miR-485-5p	10	15	28	17	12	13	17	6	8	11
mmu-miR-376b-5p	12	48	42	48	26	10	6	0	0	4
mmu-miR-17-5p	229	364	380	557	269	169	299	31	15	10
mmu-miR-29b-1-5p	14	21	15	11	11	13	5	5	0	0
mmu-miR-450b-5p	134	153	152	318	122	14	29	0	0	0
mmu-miR-183-5p	205	304	328	342	184	190	119	0	0	0
mmu-miR-34c-5p	526	892	1552	2227	791	404	313	40	84	65
mmu-miR-455-5p	436	648	783	646	356	50	57	9	0	0
mmu-miR-700-5p	44	61	61	63	32	38	62	33	32	27
mmu-miR-100-5p	3854	5556	4945	6076	4390	3295	3242	921	719	339
mmu-miR-350-5p	92	117	93	131	74	77	86	52	47	46
mmu-miR-877-5p	23	46	68	68	42	50	47	35	36	55
mmu-miR-214-5p	252	536	637	746	324	153	143	63	83	51
mmu-miR-674-5p	118	403	320	399	249	253	286	162	171	143
mmu-miR-99a-5p	9596	8667	9378	12882	7241	4400	5020	1433	960	450
mmu-miR-30b-5p	4679	15025	12136	17859	11592	3072	5387	309	195	188
mmu-miR-1947-5p	64	102	71	82	67	55	83	25	39	23
mmu-miR-212-5p	46	83	100	219	68	42	68	26	23	17
mmu-miR-32-5p	76	126	106	160	101	9	4	0	0	3
mmu-miR-221-5p	50	63	61	100	41	34	49	11	10	5
mmu-miR-503-5p	8	17	16	20	15	11	28	4	0	0
mmu-let-7b-5p	7979	18552	15434	17795	12520	13566	8841	9313	9428	10492
mmu-miR-99b-5p	12388	21757	20346	26345	17739	16337	16637	10011	9575	6714
mmu-miR-182-5p	194	145	149	214	106	61	51	17	8	8
mmu-miR-30d-5p	117248	146801	112743	156159	110126	81536	97984	38050	30600	21625
mmu-miR-1198-5p	876	2104	1366	1425	891	1320	1430	590	507	504
mmu-miR-3098-5p	16	24	26	24	19	0	29	9	8	0
mmu-miR-335-5p	436	477	441	1309	362	81	138	0	6	0
mmu-miR-134-5p	46	58	70	90	48	46	34	9	19	19
mmu-miR-672-5p	12	23	15	11	8	6	4	0	5	3
mmu-miR-92a-1-5p	37	91	68	73	58	47	69	36	23	19
mmu-miR-93-5p	2708	3503	2835	4177	2397	1909	2356	876	762	469
mmu-miR-378a-5p	900	2300	1621	2256	2018	1306	1680	853	676	642
mmu-miR-151-5p	9468	22544	18129	24132	16500	15635	16400	8026	7375	7457
mmu-miR-1306-5p	15	35	27	33	22	26	29	20	25	19
mmu-miR-185-5p	195	440	320	370	321	171	267	47	39	30
mmu-miR-195a-5p	2881	4936	5111	7117	3066	1207	1742	74	41	57
mmu-miR-34b-5p	32	43	85	100	42	12	18	0	4	0
mmu-miR-338-5p	20	35	17	19	16	16	30	8	6	0
mmu-miR-24-2-5p	1455	3508	4150	6401	2643	940	1428	165	117	68
mmu-miR-192-5p	12744	10356	8165	14468	8399	1967	4116	142	92	69
mmu-miR-199b-5p	246	532	664	824	435	71	126	15	19	10
mmu-miR-140-5p	470	518	665	852	495	147	176	15	18	24
mmu-miR-3061-5p	17	32	17	28	15	21	34	11	6	3
mmu-miR-676-5p	243	244	222	231	174	47	84	8	0	0
mmu-miR-181c-5p	11318	13821	11331	17486	8428	5792	7600	2323	2030	1362
mmu-miR-379-5p	146	154	155	247	112	91	56	6	7	0
mmu-miR-190a-5p	150	341	225	362	200	9	28	3	3	4
mmu-miR-540-5p	29	35	53	25	33	15	50	0	0	0
mmu-miR-146b-5p	2047	694	1113	2672	676	332	350	62	43	17
mmu-let-7g-5p	17602	24779	20455	29401	18209	9767	12431	1605	1159	783
mmu-miR-152-5p	444	472	454	681	337	118	182	52	46	27
mmu-miR-673-5p	102	114	135	134	100	97	79	27	69	51
mmu-miR-215-5p	987	681	663	883	491	49	113	0	0	0
mmu-miR-296-5p	27	43	40	38	18	24	27	13	15	11
mmu-miR-666-5p	19	35	37	32	24	17	21	6	9	6
mmu-miR-504-5p	69	188	133	194	97	131	118	68	80	41
mmu-let-7d-5p	5522	15201	11684	13675	9652	10050	9276	4568	4210	3403
mmu-miR-201-5p	37	44	45	72	39	4	10	0	0	0
mmu-miR-322-5p	4653	7798	6733	10939	5324	864	1934	64	45	33
mmu-miR-542-5p	28	43	39	48	28	23	20	15	13	5
mmu-miR-223-5p	21	0	42	37	17	13	26	0	0	0
mmu-miR-29c-5p	39	78	74	88	61	37	60	13	10	9
mmu-miR-139-5p	364	1072	606	904	714	565	785	346	288	270
mmu-miR-128-1-5p	44	52	41	43	36	33	38	24	25	20
mmu-miR-329-5p	28	41	54	54	28	26	28	11	10	23
mmu-miR-106b-5p	196	392	306	573	248	81	145	11	13	8
mmu-miR-299a-5p	12	13	17	19	6	9	6	5	0	0
mmu-miR-10b-5p	71590	46007	76292	59906	23519	27116	14956	1711	1928	1008
mmu-miR-29b-2-5p	15	29	12	32	18	27	22	7	10	5
mmu-miR-34a-5p	744	1441	916	1359	1056	715	918	385	319	278
mmu-miR-541-5p	781	892	1083	1300	661	647	425	157	166	101
mmu-miR-28a-5p	708	1831	1681	2027	1325	1275	1192	516	481	548
mmu-miR-26b-5p	25013	25300	19984	30182	20354	6389	10583	907	592	394
mmu-miR-574-5p	81	161	137	152	104	142	94	74	75	80
mmu-miR-191-5p	69411	66429	66290	90945	51868	40034	42925	18910	15559	8261
mmu-miR-324-5p	111	177	176	190	82	100	96	63	66	70
mmu-miR-30a-5p	238632	216658	182710	275457	182726	69568	120273	13873	8582	5671
mmu-miR-127-5p	60	62	85	94	51	39	56	0	11	13
mmu-miR-374b-5p	85	97	96	135	94	54	64	4	3	0
mmu-miR-3057-5p	164	188	148	149	124	133	188	89	79	52
mmu-miR-744-5p	866	1656	1564	1899	1144	1340	1098	973	1143	1107
mmu-miR-210-5p	91	146	230	275	94	81	113	86	99	60
mmu-miR-532-5p	1363	1431	1191	1743	1051	908	911	370	302	216
mmu-miR-874-5p	21	46	30	43	28	41	56	14	23	24
mmu-miR-1a-1-5p	33	59	38	59	32	6	8	0	0	0
mmu-miR-125a-5p	19356	44706	39844	46543	34751	39951	34750	26915	24561	23371
mmu-miR-132-5p	57	63	110	198	55	53	110	17	18	10
mmu-miR-431-5p	118	122	173	209	91	74	87	24	42	23
mmu-miR-337-5p	36	74	75	110	53	59	41	25	28	24
mmu-miR-188-5p	20	41	37	26	26	24	31	0	15	0
mmu-miR-499-5p	2023	5298	2896	4457	4700	516	1390	79	21	40
mmu-miR-27a-5p	59	79	128	92	66	58	57	23	32	27
mmu-miR-15b-5p	227	555	553	748	390	357	389	288	342	256
mmu-miR-18a-5p	29	47	41	71	40	6	28	0	0	0
mmu-miR-136-5p	165	251	324	282	215	9	16	2	0	0
mmu-miR-451a	1770	2520	3485	7764	3025	710	1712	66	34	23
mmu-miR-1960	32	43	45	43	27	28	47	25	13	9
mmu-let-7a-1-3p/mmu-let-7c-2-3p	681	964	947	1270	854	66	79	0	6	0
mmu-miR-199a-3p/mmu-miR-199b-3p	32570	37683	43228	57321	24609	9601	9506	1154	1080	698
mmu-miR-669a-5p/mmu-miR-669p-5p	17	19	13	22	18	7	14	0	0	0
