	miRNA	 165_sham 1_R1.fastq	 175_sham 2_R1.fastq	 189_sham 3_R1.fastq	 606_sham 4_R1.fastq	 608_sham 5_R1.fastq	 156_TAC 1_R1.fastq	 157_TAC 2_R1.fastq	 541_TAC 3_R1.fastq	 612_TAC 4_R1.fastq	 631_TAC 5_R1.fastq	 533_TAC+PDE5AI 1_R1.fastq	 536_TAC+PDE5AI 2_R1.fastq	 627_TAC+PDE5AI 3_R1.fastq	 647_TAC+PDE5AI 4_R1.fastq	 697_TAC+PDE5AI 5_R1.fastq	 151_TAC+PDE9AI 1_R1.fastq	 528_TAC+PDE9AI 2_R1.fastq	 529_TAC+PDE9AI 3_R1.fastq	 531_TAC+PDE9AI 4_R1.fastq	 542_TAC+PDE9AI 5_R1.fastq	 676_TAC+PDE9AI 6_R1.fastq
0	mmu-miR-486a-3p	6678.0	6767.0	6337.0	4472.0	4890.0	6632.0	6543.0	4552.0	6035.0	2962.0	2895.0	2977.0	2156.0	2104.0	2139.0	2630.0	3003.0	3191.0	2515.0	2691.0	2831.0
1	mmu-miR-877-3p	27.0	41.0	41.0	0.0	0.0	25.0	48.0	40.0	36.0	29.0	30.0	41.0	33.0	25.0	18.0	33.0	24.0	39.0	46.0	20.0	23.0
2	mmu-miR-29a-3p	37967.0	32375.0	27334.0	19550.0	26855.0	13478.0	35760.0	29884.0	37010.0	26210.0	12858.0	17310.0	4964.0	3605.0	2951.0	37165.0	25266.0	26218.0	42439.0	4873.0	24561.0
3	mmu-miR-503-3p	82.0	84.0	62.0	49.0	65.0	48.0	77.0	86.0	96.0	59.0	63.0	73.0	32.0	33.0	24.0	105.0	75.0	94.0	79.0	21.0	81.0
4	mmu-miR-100-3p	15.0	16.0	17.0	8.0	12.0	17.0	20.0	19.0	13.0	14.0	4.0	13.0	0.0	0.0	0.0	12.0	11.0	13.0	23.0	0.0	14.0
5	mmu-miR-191-3p	136.0	109.0	104.0	82.0	88.0	74.0	142.0	136.0	143.0	99.0	45.0	91.0	24.0	13.0	15.0	108.0	111.0	124.0	110.0	18.0	92.0
6	mmu-miR-505-3p	14.0	15.0	10.0	15.0	0.0	0.0	17.0	16.0	16.0	11.0	0.0	18.0	3.0	0.0	0.0	23.0	7.0	16.0	14.0	0.0	0.0
7	mmu-miR-106b-3p	258.0	237.0	218.0	194.0	234.0	239.0	341.0	258.0	305.0	191.0	206.0	238.0	148.0	179.0	128.0	261.0	243.0	342.0	368.0	135.0	205.0
8	mmu-miR-674-3p	445.0	475.0	426.0	271.0	535.0	311.0	786.0	741.0	801.0	534.0	353.0	407.0	151.0	170.0	115.0	662.0	511.0	827.0	840.0	137.0	472.0
9	mmu-miR-147-3p	75.0	29.0	31.0	43.0	38.0	33.0	42.0	80.0	92.0	28.0	8.0	8.0	0.0	0.0	0.0	45.0	32.0	45.0	58.0	0.0	51.0
10	mmu-miR-542-3p	100.0	54.0	69.0	48.0	88.0	135.0	93.0	70.0	207.0	51.0	12.0	21.0	0.0	0.0	0.0	98.0	120.0	68.0	104.0	0.0	75.0
11	mmu-miR-329-3p	0.0	90.0	0.0	0.0	49.0	94.0	74.0	76.0	83.0	31.0	0.0	23.0	0.0	0.0	6.0	121.0	22.0	77.0	73.0	0.0	48.0
12	mmu-miR-433-3p	22.0	23.0	20.0	29.0	42.0	41.0	48.0	56.0	45.0	20.0	31.0	42.0	16.0	22.0	35.0	38.0	19.0	52.0	46.0	22.0	24.0
13	mmu-let-7i-3p	155.0	148.0	123.0	81.0	115.0	99.0	195.0	163.0	191.0	166.0	96.0	108.0	54.0	40.0	33.0	175.0	131.0	166.0	206.0	33.0	100.0
14	mmu-miR-874-3p	181.0	140.0	161.0	94.0	118.0	54.0	160.0	102.0	111.0	89.0	90.0	142.0	62.0	53.0	49.0	142.0	89.0	104.0	124.0	48.0	140.0
15	mmu-miR-212-3p	285.0	315.0	273.0	205.0	444.0	284.0	376.0	403.0	777.0	221.0	216.0	805.0	140.0	130.0	115.0	471.0	324.0	484.0	398.0	138.0	270.0
16	mmu-miR-185-3p	80.0	62.0	62.0	63.0	59.0	77.0	88.0	69.0	66.0	58.0	44.0	81.0	21.0	23.0	27.0	65.0	70.0	63.0	66.0	38.0	78.0
17	mmu-miR-28a-3p	622.0	634.0	573.0	358.0	548.0	717.0	875.0	759.0	987.0	648.0	563.0	709.0	338.0	308.0	193.0	766.0	632.0	892.0	947.0	293.0	454.0
18	mmu-miR-215-3p	25.0	9.0	15.0	14.0	0.0	14.0	16.0	21.0	17.0	14.0	0.0	0.0	0.0	0.0	0.0	26.0	13.0	16.0	19.0	0.0	0.0
19	mmu-miR-330-3p	68.0	57.0	52.0	46.0	86.0	45.0	83.0	66.0	92.0	51.0	45.0	84.0	49.0	57.0	36.0	93.0	58.0	96.0	59.0	32.0	65.0
20	mmu-miR-425-3p	216.0	204.0	205.0	180.0	215.0	123.0	260.0	243.0	251.0	170.0	171.0	225.0	106.0	103.0	107.0	236.0	160.0	222.0	198.0	123.0	157.0
21	mmu-miR-18a-3p	13.0	18.0	28.0	21.0	0.0	17.0	15.0	15.0	29.0	14.0	13.0	18.0	9.0	12.0	0.0	39.0	16.0	22.0	26.0	10.0	19.0
22	mmu-miR-423-3p	3145.0	3403.0	3126.0	2122.0	2674.0	1330.0	4169.0	3419.0	3651.0	2826.0	2984.0	2771.0	2179.0	2393.0	2255.0	3305.0	2620.0	3541.0	3550.0	2248.0	2675.0
23	mmu-miR-501-3p	76.0	76.0	64.0	46.0	77.0	111.0	138.0	137.0	158.0	116.0	157.0	178.0	116.0	127.0	118.0	173.0	144.0	204.0	321.0	79.0	94.0
24	mmu-miR-335-3p	345.0	552.0	342.0	210.0	598.0	604.0	448.0	486.0	990.0	346.0	82.0	225.0	14.0	12.0	0.0	246.0	507.0	555.0	416.0	16.0	352.0
25	mmu-miR-375-3p	16.0	30.0	9.0	17.0	24.0	13.0	39.0	18.0	24.0	18.0	9.0	23.0	0.0	8.0	12.0	31.0	14.0	16.0	26.0	9.0	22.0
26	mmu-miR-19a-3p	103.0	50.0	48.0	60.0	67.0	61.0	64.0	60.0	143.0	52.0	11.0	0.0	0.0	0.0	0.0	67.0	71.0	36.0	138.0	0.0	55.0
27	mmu-miR-101a-3p	26857.0	12780.0	15528.0	12782.0	16460.0	15681.0	18632.0	15220.0	23565.0	13150.0	842.0	1198.0	51.0	0.0	90.0	18445.0	16841.0	7004.0	28376.0	131.0	13633.0
28	mmu-miR-301a-3p	1678.0	1075.0	1040.0	756.0	1132.0	2229.0	1693.0	1685.0	3935.0	1430.0	132.0	305.0	34.0	38.0	57.0	2089.0	1850.0	1422.0	3518.0	17.0	1307.0
29	mmu-let-7a-2-3p	10.0	10.0	0.0	18.0	0.0	10.0	19.0	13.0	14.0	15.0	0.0	18.0	0.0	0.0	0.0	18.0	11.0	11.0	11.0	7.0	0.0
30	mmu-miR-142a-3p	4058.0	3656.0	2923.0	2639.0	2906.0	3673.0	3712.0	4254.0	9303.0	3301.0	518.0	1054.0	21.0	0.0	19.0	5246.0	4932.0	3929.0	10458.0	57.0	2583.0
31	mmu-miR-301b-3p	18.0	8.0	0.0	9.0	0.0	13.0	14.0	18.0	11.0	8.0	0.0	0.0	0.0	0.0	0.0	9.0	18.0	19.0	13.0	0.0	0.0
32	mmu-miR-16-1-3p	41.0	35.0	36.0	32.0	45.0	21.0	44.0	58.0	40.0	26.0	0.0	16.0	0.0	0.0	0.0	39.0	36.0	46.0	53.0	0.0	24.0
33	mmu-miR-380-3p	14.0	10.0	8.0	7.0	27.0	9.0	12.0	21.0	45.0	14.0	0.0	10.0	0.0	0.0	0.0	18.0	17.0	19.0	16.0	0.0	0.0
34	mmu-miR-7a-1-3p	46.0	35.0	34.0	33.0	56.0	32.0	67.0	37.0	67.0	34.0	10.0	11.0	0.0	0.0	0.0	51.0	54.0	46.0	71.0	0.0	32.0
35	mmu-miR-200a-3p	8.0	5.0	7.0	11.0	15.0	6.0	9.0	0.0	12.0	7.0	0.0	0.0	0.0	0.0	0.0	13.0	9.0	10.0	20.0	0.0	0.0
36	mmu-miR-200c-3p	21.0	25.0	18.0	16.0	28.0	0.0	13.0	15.0	12.0	22.0	21.0	20.0	7.0	6.0	6.0	22.0	18.0	17.0	29.0	8.0	19.0
37	mmu-miR-210-3p	559.0	606.0	443.0	281.0	454.0	672.0	739.0	1178.0	1710.0	521.0	452.0	448.0	175.0	218.0	128.0	962.0	507.0	955.0	1291.0	179.0	348.0
38	mmu-miR-369-3p	17.0	13.0	11.0	9.0	22.0	14.0	22.0	30.0	26.0	21.0	0.0	0.0	0.0	0.0	0.0	22.0	18.0	16.0	28.0	0.0	11.0
39	mmu-miR-30e-3p	13317.0	11582.0	11106.0	7552.0	9330.0	8618.0	10227.0	6803.0	8557.0	8450.0	3531.0	4869.0	1028.0	815.0	606.0	9222.0	8087.0	6211.0	9769.0	1276.0	7613.0
40	mmu-miR-1247-3p	0.0	23.0	0.0	0.0	0.0	27.0	0.0	49.0	52.0	22.0	25.0	76.0	13.0	11.0	18.0	46.0	16.0	27.0	42.0	0.0	0.0
41	mmu-miR-125a-3p	66.0	72.0	65.0	45.0	81.0	64.0	104.0	82.0	75.0	58.0	74.0	68.0	42.0	39.0	38.0	90.0	54.0	78.0	94.0	27.0	49.0
42	mmu-miR-184-3p	20.0	31.0	28.0	27.0	37.0	57.0	48.0	62.0	131.0	26.0	43.0	20.0	32.0	25.0	9.0	65.0	26.0	86.0	42.0	10.0	23.0
43	mmu-miR-193b-3p	254.0	232.0	204.0	101.0	189.0	154.0	335.0	304.0	391.0	292.0	167.0	163.0	143.0	139.0	118.0	323.0	185.0	332.0	340.0	90.0	143.0
44	mmu-miR-338-3p	586.0	388.0	529.0	391.0	412.0	263.0	400.0	331.0	359.0	291.0	58.0	168.0	38.0	22.0	32.0	436.0	321.0	300.0	366.0	42.0	313.0
45	mmu-miR-153-3p	68.0	59.0	74.0	67.0	128.0	57.0	81.0	83.0	105.0	58.0	6.0	0.0	0.0	0.0	0.0	95.0	75.0	43.0	82.0	0.0	68.0
46	mmu-miR-219a-1-3p	46.0	39.0	43.0	29.0	37.0	26.0	53.0	29.0	27.0	42.0	25.0	50.0	19.0	20.0	24.0	40.0	31.0	39.0	45.0	27.0	30.0
47	mmu-miR-485-3p	10.0	8.0	13.0	11.0	15.0	16.0	14.0	25.0	22.0	10.0	12.0	14.0	0.0	4.0	6.0	20.0	7.0	26.0	12.0	11.0	13.0
48	mmu-miR-208b-3p	1060.0	746.0	564.0	601.0	848.0	15264.0	10492.0	22439.0	34711.0	8218.0	1067.0	994.0	97.0	102.0	156.0	13236.0	6289.0	9976.0	24880.0	115.0	2641.0
49	mmu-miR-130a-3p	4621.0	3791.0	3231.0	2101.0	3215.0	3121.0	4630.0	4760.0	6811.0	3592.0	2683.0	2932.0	731.0	607.0	270.0	5234.0	4155.0	4794.0	5752.0	847.0	3228.0
50	mmu-miR-363-3p	0.0	13.0	12.0	8.0	0.0	5.0	12.0	9.0	17.0	0.0	0.0	0.0	0.0	0.0	0.0	18.0	9.0	18.0	16.0	0.0	0.0
51	mmu-miR-483-3p	44.0	69.0	38.0	0.0	66.0	36.0	0.0	51.0	36.0	27.0	31.0	103.0	18.0	30.0	0.0	72.0	0.0	61.0	39.0	0.0	68.0
52	mmu-miR-181a-1-3p	4347.0	4595.0	3944.0	2599.0	3826.0	3379.0	4237.0	3154.0	3669.0	2951.0	2632.0	2437.0	1170.0	1154.0	973.0	3170.0	2942.0	3031.0	3815.0	1506.0	3216.0
53	mmu-miR-671-3p	336.0	378.0	376.0	188.0	309.0	418.0	598.0	561.0	567.0	414.0	309.0	314.0	231.0	317.0	236.0	473.0	324.0	482.0	729.0	232.0	258.0
54	mmu-miR-488-3p	88.0	58.0	59.0	43.0	73.0	58.0	85.0	97.0	85.0	69.0	0.0	33.0	10.0	0.0	0.0	76.0	78.0	57.0	76.0	12.0	47.0
55	mmu-miR-345-3p	422.0	358.0	306.0	223.0	317.0	242.0	371.0	332.0	551.0	299.0	227.0	333.0	89.0	70.0	69.0	331.0	405.0	390.0	501.0	88.0	281.0
56	mmu-miR-410-3p	136.0	118.0	93.0	93.0	117.0	260.0	170.0	306.0	480.0	137.0	103.0	100.0	24.0	42.0	12.0	193.0	105.0	238.0	369.0	24.0	95.0
57	mmu-miR-26a-2-3p	34.0	26.0	27.0	26.0	33.0	15.0	30.0	27.0	35.0	28.0	0.0	6.0	0.0	0.0	0.0	39.0	23.0	16.0	40.0	4.0	27.0
58	mmu-let-7g-3p	77.0	69.0	56.0	59.0	67.0	39.0	64.0	78.0	71.0	67.0	37.0	54.0	0.0	12.0	9.0	73.0	62.0	68.0	70.0	15.0	50.0
59	mmu-miR-23b-3p	15578.0	15806.0	11178.0	7463.0	11073.0	18084.0	27884.0	31117.0	36254.0	16311.0	13386.0	12652.0	7404.0	6548.0	4357.0	28607.0	16277.0	35675.0	25377.0	5924.0	14679.0
60	mmu-let-7f-1-3p	274.0	219.0	237.0	148.0	202.0	132.0	235.0	189.0	279.0	198.0	0.0	91.0	0.0	0.0	0.0	215.0	249.0	200.0	244.0	0.0	184.0
61	mmu-miR-326-3p	124.0	132.0	106.0	83.0	121.0	69.0	201.0	234.0	241.0	128.0	111.0	161.0	91.0	107.0	68.0	169.0	163.0	268.0	272.0	68.0	88.0
62	mmu-miR-187-3p	127.0	104.0	128.0	75.0	120.0	41.0	132.0	127.0	127.0	74.0	72.0	106.0	33.0	34.0	27.0	142.0	94.0	97.0	124.0	32.0	96.0
63	mmu-miR-10a-3p	48.0	19.0	67.0	51.0	22.0	37.0	48.0	44.0	37.0	5.0	30.0	22.0	3.0	0.0	3.0	69.0	15.0	36.0	54.0	0.0	0.0
64	mmu-miR-16-2-3p	60.0	34.0	28.0	38.0	39.0	44.0	45.0	51.0	89.0	56.0	16.0	27.0	0.0	0.0	4.0	59.0	68.0	56.0	85.0	0.0	40.0
65	mmu-miR-17-3p	81.0	50.0	49.0	41.0	54.0	22.0	87.0	70.0	81.0	50.0	48.0	64.0	34.0	22.0	25.0	82.0	66.0	73.0	106.0	21.0	55.0
66	mmu-miR-1198-3p	0.0	21.0	16.0	19.0	24.0	0.0	0.0	13.0	18.0	0.0	10.0	19.0	0.0	0.0	0.0	33.0	0.0	17.0	0.0	0.0	25.0
67	mmu-miR-540-3p	35.0	35.0	29.0	35.0	45.0	35.0	38.0	47.0	53.0	43.0	33.0	32.0	17.0	21.0	20.0	47.0	27.0	38.0	59.0	14.0	24.0
68	mmu-miR-190a-3p	12.0	10.0	5.0	10.0	11.0	0.0	10.0	15.0	22.0	6.0	0.0	0.0	0.0	0.0	0.0	6.0	10.0	7.0	9.0	0.0	11.0
69	mmu-miR-32-3p	11.0	13.0	13.0	0.0	10.0	7.0	18.0	15.0	6.0	12.0	0.0	0.0	0.0	2.0	0.0	15.0	15.0	13.0	5.0	0.0	8.0
70	mmu-miR-34b-3p	20.0	21.0	18.0	24.0	29.0	30.0	46.0	92.0	83.0	42.0	24.0	24.0	6.0	11.0	0.0	62.0	21.0	80.0	91.0	10.0	22.0
71	mmu-miR-455-3p	93.0	66.0	42.0	34.0	57.0	230.0	134.0	486.0	884.0	466.0	95.0	94.0	93.0	74.0	65.0	142.0	76.0	1124.0	654.0	25.0	56.0
72	mmu-miR-10b-3p	0.0	0.0	12.0	13.0	12.0	12.0	11.0	21.0	13.0	6.0	10.0	13.0	0.0	0.0	0.0	27.0	6.0	0.0	22.0	0.0	0.0
73	mmu-miR-328-3p	4281.0	4325.0	4943.0	3329.0	3398.0	2387.0	5116.0	3559.0	3751.0	3512.0	3578.0	3707.0	2820.0	2902.0	3133.0	4166.0	3614.0	3666.0	4354.0	3175.0	3422.0
74	mmu-miR-136-3p	53.0	34.0	30.0	31.0	35.0	65.0	75.0	105.0	149.0	46.0	8.0	9.0	0.0	0.0	0.0	67.0	40.0	42.0	142.0	0.0	33.0
75	mmu-miR-151-3p	29127.0	30942.0	26144.0	16524.0	23404.0	38191.0	37004.0	29995.0	39539.0	27476.0	23940.0	26625.0	17323.0	16217.0	12523.0	26155.0	25708.0	35727.0	36677.0	13964.0	19507.0
76	mmu-miR-92b-3p	312.0	339.0	296.0	222.0	290.0	560.0	758.0	762.0	706.0	612.0	592.0	421.0	317.0	481.0	437.0	964.0	299.0	658.0	1291.0	421.0	301.0
77	mmu-miR-666-3p	8.0	14.0	0.0	16.0	15.0	10.0	16.0	20.0	22.0	11.0	7.0	14.0	0.0	7.0	0.0	20.0	0.0	6.0	18.0	7.0	9.0
78	mmu-miR-3065-3p	105.0	121.0	123.0	149.0	207.0	153.0	311.0	192.0	114.0	75.0	92.0	224.0	0.0	0.0	134.0	246.0	106.0	252.0	115.0	130.0	171.0
79	mmu-miR-195a-3p	248.0	222.0	239.0	179.0	212.0	383.0	491.0	460.0	523.0	338.0	267.0	273.0	144.0	151.0	120.0	450.0	266.0	471.0	616.0	157.0	195.0
80	mmu-miR-3061-3p	76.0	47.0	48.0	39.0	45.0	70.0	80.0	72.0	103.0	41.0	33.0	63.0	7.0	0.0	0.0	52.0	45.0	59.0	53.0	11.0	46.0
81	mmu-miR-339-3p	324.0	336.0	290.0	187.0	304.0	146.0	417.0	433.0	461.0	297.0	225.0	291.0	161.0	168.0	132.0	359.0	338.0	448.0	451.0	142.0	233.0
82	mmu-miR-340-3p	164.0	119.0	133.0	113.0	148.0	57.0	163.0	172.0	245.0	125.0	31.0	85.0	9.0	7.0	10.0	111.0	154.0	141.0	172.0	4.0	105.0
83	mmu-miR-676-3p	565.0	662.0	643.0	469.0	654.0	690.0	1124.0	988.0	764.0	703.0	859.0	613.0	488.0	525.0	734.0	1113.0	519.0	1111.0	2110.0	693.0	625.0
84	mmu-miR-872-3p	218.0	219.0	148.0	130.0	202.0	70.0	335.0	308.0	435.0	226.0	115.0	162.0	32.0	30.0	11.0	293.0	254.0	276.0	488.0	23.0	178.0
85	mmu-miR-30b-3p	121.0	103.0	80.0	47.0	88.0	85.0	101.0	70.0	86.0	76.0	54.0	69.0	33.0	24.0	12.0	89.0	75.0	70.0	101.0	27.0	83.0
86	mmu-miR-29c-3p	5599.0	3366.0	3950.0	3086.0	3828.0	1774.0	3942.0	2826.0	4046.0	3007.0	534.0	1157.0	73.0	47.0	54.0	3681.0	3747.0	2365.0	3830.0	127.0	3159.0
87	mmu-miR-361-3p	448.0	346.0	355.0	296.0	368.0	341.0	540.0	466.0	524.0	406.0	320.0	479.0	264.0	192.0	193.0	565.0	383.0	521.0	612.0	169.0	333.0
88	mmu-miR-409-3p	49.0	83.0	82.0	32.0	54.0	101.0	77.0	127.0	177.0	78.0	70.0	46.0	22.0	63.0	28.0	79.0	55.0	117.0	139.0	24.0	52.0
89	mmu-miR-130b-3p	54.0	122.0	65.0	37.0	51.0	51.0	72.0	95.0	118.0	57.0	52.0	74.0	15.0	17.0	10.0	81.0	89.0	87.0	150.0	14.0	67.0
90	mmu-miR-1964-3p	126.0	121.0	119.0	90.0	117.0	80.0	98.0	85.0	104.0	94.0	99.0	89.0	67.0	65.0	57.0	108.0	83.0	107.0	132.0	66.0	104.0
91	mmu-miR-379-3p	24.0	16.0	19.0	18.0	17.0	18.0	31.0	49.0	46.0	25.0	9.0	23.0	4.0	0.0	2.0	33.0	16.0	33.0	54.0	0.0	34.0
92	mmu-miR-337-3p	15.0	13.0	12.0	0.0	22.0	11.0	15.0	16.0	20.0	12.0	0.0	0.0	0.0	0.0	0.0	21.0	11.0	21.0	44.0	0.0	18.0
93	mmu-miR-496a-3p	8.0	0.0	0.0	0.0	0.0	10.0	0.0	16.0	20.0	9.0	0.0	10.0	0.0	0.0	0.0	7.0	5.0	2.0	13.0	0.0	14.0
94	mmu-let-7b-3p	875.0	952.0	893.0	554.0	704.0	555.0	1115.0	906.0	1026.0	834.0	522.0	589.0	328.0	342.0	258.0	846.0	686.0	904.0	1034.0	233.0	577.0
95	mmu-miR-667-3p	21.0	25.0	22.0	0.0	0.0	15.0	29.0	62.0	51.0	35.0	35.0	37.0	19.0	37.0	0.0	48.0	0.0	41.0	35.0	23.0	0.0
96	mmu-miR-208a-3p	6532.0	2474.0	3465.0	3197.0	3764.0	1819.0	3080.0	3205.0	5292.0	2648.0	277.0	539.0	17.0	12.0	14.0	2319.0	5289.0	1981.0	3026.0	36.0	3102.0
97	mmu-miR-33-3p	22.0	11.0	21.0	20.0	22.0	0.0	23.0	0.0	21.0	13.0	0.0	0.0	0.0	0.0	0.0	28.0	19.0	25.0	22.0	0.0	0.0
98	mmu-miR-26b-3p	204.0	193.0	209.0	148.0	160.0	54.0	243.0	172.0	163.0	151.0	65.0	100.0	26.0	25.0	19.0	200.0	134.0	162.0	211.0	39.0	141.0
99	mmu-miR-376b-3p	10.0	0.0	12.0	11.0	0.0	7.0	17.0	19.0	24.0	15.0	0.0	0.0	0.0	0.0	0.0	11.0	0.0	0.0	27.0	0.0	8.0
100	mmu-miR-152-3p	1593.0	1194.0	1104.0	787.0	1087.0	1401.0	1627.0	1629.0	2626.0	1273.0	586.0	733.0	77.0	53.0	0.0	2057.0	1365.0	1744.0	2809.0	80.0	1145.0
101	mmu-miR-744-3p	97.0	65.0	59.0	52.0	75.0	34.0	77.0	69.0	93.0	79.0	15.0	36.0	8.0	0.0	0.0	66.0	58.0	70.0	79.0	5.0	70.0
102	mmu-miR-127-3p	5790.0	6207.0	5198.0	3335.0	5466.0	15258.0	13627.0	16776.0	19882.0	10956.0	11737.0	7557.0	5029.0	6651.0	5773.0	12858.0	5578.0	15334.0	24532.0	4195.0	4439.0
103	mmu-miR-3068-3p	176.0	142.0	99.0	112.0	141.0	143.0	179.0	200.0	335.0	130.0	22.0	67.0	4.0	12.0	6.0	178.0	176.0	200.0	215.0	9.0	174.0
104	mmu-miR-1948-3p	37.0	36.0	20.0	26.0	39.0	26.0	30.0	43.0	46.0	25.0	11.0	36.0	6.0	2.0	6.0	56.0	20.0	26.0	42.0	7.0	20.0
105	mmu-miR-107-3p	3148.0	2961.0	2572.0	1623.0	2331.0	3008.0	3767.0	2986.0	3962.0	2532.0	2090.0	2456.0	798.0	724.0	375.0	3669.0	2749.0	2949.0	4259.0	878.0	2248.0
106	mmu-miR-1943-3p	22.0	16.0	7.0	14.0	24.0	8.0	18.0	19.0	14.0	22.0	12.0	31.0	8.0	9.0	8.0	27.0	13.0	34.0	15.0	0.0	0.0
107	mmu-miR-99b-3p	74.0	89.0	79.0	68.0	106.0	91.0	117.0	158.0	161.0	75.0	66.0	124.0	64.0	55.0	59.0	117.0	83.0	149.0	150.0	58.0	71.0
108	mmu-miR-429-3p	9.0	0.0	14.0	12.0	12.0	10.0	13.0	24.0	15.0	7.0	6.0	11.0	0.0	0.0	0.0	18.0	6.0	13.0	23.0	0.0	14.0
109	mmu-miR-144-3p	1221.0	338.0	655.0	1171.0	706.0	263.0	396.0	871.0	983.0	689.0	11.0	19.0	5.0	2.0	5.0	132.0	971.0	235.0	331.0	6.0	339.0
110	mmu-miR-598-3p	19.0	22.0	13.0	28.0	15.0	26.0	20.0	26.0	38.0	26.0	0.0	15.0	0.0	0.0	0.0	23.0	18.0	21.0	23.0	4.0	0.0
111	mmu-miR-150-3p	39.0	40.0	33.0	30.0	37.0	28.0	55.0	28.0	33.0	27.0	25.0	29.0	18.0	21.0	16.0	30.0	27.0	40.0	22.0	28.0	37.0
112	mmu-miR-30c-1-3p	678.0	579.0	626.0	426.0	499.0	309.0	541.0	428.0	419.0	392.0	382.0	385.0	171.0	161.0	161.0	481.0	428.0	371.0	544.0	242.0	530.0
113	mmu-miR-490-3p	1347.0	1507.0	1158.0	770.0	1322.0	1264.0	1820.0	1835.0	2954.0	1235.0	1068.0	1257.0	469.0	545.0	332.0	1640.0	1208.0	1722.0	1769.0	479.0	1190.0
114	mmu-miR-450b-3p	0.0	15.0	15.0	9.0	14.0	11.0	18.0	11.0	20.0	11.0	9.0	11.0	0.0	0.0	0.0	28.0	14.0	16.0	15.0	0.0	17.0
115	mmu-miR-23a-3p	18945.0	14848.0	11951.0	8299.0	11191.0	15056.0	22513.0	24854.0	29013.0	12459.0	10724.0	9088.0	3196.0	2723.0	1668.0	26433.0	13936.0	28265.0	24899.0	3789.0	17265.0
116	mmu-miR-700-3p	27.0	46.0	27.0	20.0	32.0	35.0	43.0	32.0	74.0	34.0	26.0	39.0	25.0	25.0	29.0	31.0	30.0	45.0	50.0	20.0	23.0
117	mmu-miR-871-3p	22.0	22.0	9.0	22.0	25.0	9.0	32.0	0.0	14.0	6.0	6.0	9.0	9.0	5.0	0.0	24.0	18.0	20.0	18.0	7.0	24.0
118	mmu-miR-141-3p	97.0	59.0	60.0	50.0	97.0	42.0	74.0	52.0	88.0	55.0	15.0	45.0	0.0	0.0	0.0	62.0	88.0	47.0	104.0	0.0	43.0
119	mmu-miR-143-3p	682541.0	393764.0	427740.0	270656.0	420238.0	728890.0	538258.0	485697.0	800463.0	464580.0	103401.0	189739.0	10680.0	8238.0	5566.0	660066.0	517869.0	386872.0	769768.0	17463.0	394812.0
120	mmu-miR-15a-3p	33.0	10.0	16.0	15.0	16.0	20.0	24.0	34.0	24.0	18.0	0.0	14.0	6.0	0.0	0.0	14.0	20.0	24.0	28.0	0.0	19.0
121	mmu-miR-331-3p	357.0	328.0	226.0	167.0	242.0	120.0	460.0	426.0	639.0	394.0	317.0	358.0	243.0	225.0	172.0	427.0	364.0	488.0	504.0	143.0	234.0
122	mmu-miR-101b-3p	2823.0	1764.0	1611.0	1417.0	1649.0	2470.0	2471.0	2227.0	3996.0	1752.0	187.0	428.0	14.0	17.0	12.0	2199.0	2585.0	1563.0	3443.0	23.0	1672.0
123	mmu-miR-139-3p	101.0	84.0	76.0	52.0	60.0	44.0	82.0	67.0	48.0	47.0	48.0	64.0	26.0	40.0	45.0	71.0	54.0	70.0	51.0	51.0	92.0
124	mmu-let-7e-3p	58.0	86.0	70.0	55.0	72.0	61.0	105.0	103.0	125.0	78.0	55.0	82.0	46.0	45.0	48.0	100.0	74.0	109.0	123.0	35.0	68.0
125	mmu-let-7d-3p	4554.0	4608.0	4945.0	3280.0	3924.0	2330.0	5129.0	3974.0	4809.0	4257.0	3829.0	4227.0	2738.0	2899.0	2299.0	4034.0	4009.0	4357.0	4586.0	2193.0	3301.0
126	mmu-miR-200b-3p	0.0	12.0	16.0	13.0	0.0	8.0	11.0	26.0	17.0	16.0	13.0	10.0	0.0	0.0	8.0	23.0	14.0	25.0	29.0	0.0	15.0
127	mmu-miR-3058-3p	28.0	37.0	34.0	31.0	0.0	0.0	35.0	26.0	23.0	18.0	0.0	42.0	15.0	0.0	0.0	32.0	0.0	0.0	22.0	18.0	27.0
128	mmu-miR-30d-3p	922.0	688.0	689.0	440.0	670.0	500.0	783.0	695.0	930.0	589.0	80.0	164.0	15.0	10.0	10.0	650.0	677.0	488.0	920.0	13.0	543.0
129	mmu-miR-547-3p	56.0	49.0	39.0	31.0	51.0	50.0	87.0	68.0	93.0	59.0	15.0	34.0	0.0	0.0	0.0	62.0	55.0	82.0	65.0	0.0	66.0
130	mmu-miR-362-3p	66.0	30.0	27.0	37.0	38.0	48.0	68.0	67.0	79.0	60.0	10.0	22.0	0.0	0.0	0.0	61.0	55.0	53.0	91.0	0.0	30.0
131	mmu-miR-222-3p	927.0	1077.0	1065.0	792.0	876.0	1522.0	1757.0	2749.0	2957.0	1457.0	1410.0	1532.0	1019.0	928.0	553.0	1830.0	1561.0	2738.0	2512.0	571.0	987.0
132	mmu-miR-499-3p	113.0	48.0	60.0	68.0	92.0	37.0	89.0	65.0	70.0	59.0	24.0	71.0	0.0	0.0	0.0	81.0	85.0	49.0	49.0	0.0	69.0
133	mmu-miR-223-3p	529.0	732.0	443.0	327.0	576.0	432.0	699.0	831.0	982.0	683.0	128.0	178.0	16.0	13.0	6.0	661.0	654.0	636.0	1263.0	16.0	349.0
134	mmu-miR-20a-3p	12.0	8.0	14.0	15.0	13.0	5.0	7.0	11.0	9.0	11.0	6.0	0.0	0.0	0.0	0.0	11.0	0.0	5.0	22.0	0.0	11.0
135	mmu-miR-511-3p	64.0	51.0	43.0	33.0	51.0	36.0	60.0	59.0	102.0	32.0	22.0	49.0	4.0	6.0	0.0	82.0	52.0	75.0	127.0	0.0	42.0
136	mmu-miR-299a-3p	20.0	16.0	0.0	0.0	15.0	25.0	21.0	20.0	19.0	16.0	8.0	0.0	0.0	0.0	0.0	23.0	16.0	21.0	37.0	0.0	11.0
137	mmu-miR-376c-3p	14.0	10.0	9.0	10.0	14.0	15.0	17.0	20.0	28.0	19.0	3.0	0.0	0.0	0.0	0.0	24.0	10.0	16.0	28.0	0.0	17.0
138	mmu-miR-378a-3p	302604.0	274945.0	260392.0	170205.0	227164.0	206245.0	292244.0	201795.0	245493.0	202568.0	160240.0	203613.0	72903.0	64854.0	46024.0	238383.0	221383.0	204682.0	259789.0	79334.0	199620.0
139	mmu-miR-27a-3p	24749.0	17600.0	16814.0	11805.0	17682.0	17418.0	27720.0	29961.0	44238.0	20788.0	6996.0	10863.0	1681.0	1336.0	1007.0	24192.0	23964.0	22829.0	33032.0	1552.0	15542.0
140	mmu-miR-582-3p	278.0	227.0	193.0	148.0	1799.0	464.0	414.0	472.0	602.0	227.0	115.0	137.0	36.0	18.0	11.0	655.0	296.0	319.0	583.0	17.0	173.0
141	mmu-miR-125b-2-3p	2835.0	2124.0	2286.0	1335.0	2065.0	2482.0	3284.0	3455.0	4402.0	2473.0	1373.0	1620.0	388.0	312.0	221.0	2881.0	2476.0	2986.0	4030.0	417.0	1725.0
142	mmu-miR-221-3p	2790.0	3110.0	2184.0	1747.0	1987.0	4527.0	4816.0	5068.0	5682.0	3568.0	2828.0	3236.0	1934.0	1509.0	959.0	4708.0	3245.0	5609.0	5555.0	1172.0	2255.0
143	mmu-miR-129-2-3p	41.0	0.0	44.0	0.0	0.0	0.0	37.0	39.0	25.0	30.0	30.0	54.0	0.0	0.0	0.0	36.0	0.0	34.0	36.0	0.0	38.0
144	mmu-miR-1249-3p	261.0	264.0	239.0	148.0	214.0	176.0	360.0	256.0	336.0	263.0	243.0	220.0	188.0	175.0	192.0	309.0	181.0	334.0	389.0	175.0	193.0
145	mmu-miR-3098-3p	22.0	24.0	29.0	20.0	40.0	18.0	18.0	24.0	18.0	12.0	6.0	34.0	9.0	10.0	0.0	43.0	15.0	33.0	21.0	5.0	42.0
146	mmu-miR-1933-3p	28.0	18.0	12.0	14.0	25.0	43.0	25.0	34.0	58.0	22.0	15.0	18.0	10.0	10.0	0.0	33.0	28.0	35.0	27.0	0.0	29.0
147	mmu-let-7c-1-3p	96.0	55.0	82.0	83.0	75.0	46.0	87.0	102.0	128.0	75.0	10.0	30.0	5.0	0.0	0.0	96.0	93.0	77.0	79.0	0.0	64.0
148	mmu-miR-543-3p	6.0	8.0	12.0	0.0	0.0	10.0	12.0	11.0	22.0	0.0	8.0	8.0	4.0	0.0	0.0	14.0	0.0	13.0	14.0	0.0	0.0
149	mmu-miR-98-3p	140.0	114.0	118.0	96.0	140.0	107.0	173.0	141.0	212.0	116.0	9.0	18.0	0.0	0.0	3.0	106.0	125.0	96.0	125.0	0.0	82.0
150	mmu-miR-148a-3p	58758.0	35403.0	37287.0	24062.0	28643.0	66179.0	42168.0	41374.0	68245.0	39741.0	5032.0	9325.0	980.0	920.0	1203.0	51474.0	44770.0	37028.0	74704.0	1034.0	32120.0
151	mmu-miR-181c-3p	870.0	662.0	504.0	363.0	682.0	730.0	850.0	679.0	985.0	520.0	279.0	419.0	136.0	110.0	77.0	529.0	625.0	630.0	847.0	125.0	495.0
152	mmu-miR-214-3p	381.0	373.0	286.0	279.0	452.0	788.0	1731.0	2202.0	2569.0	1220.0	1158.0	815.0	737.0	873.0	889.0	1710.0	688.0	2533.0	4930.0	364.0	387.0
153	mmu-miR-421-3p	262.0	225.0	226.0	157.0	223.0	272.0	319.0	371.0	471.0	243.0	167.0	177.0	28.0	20.0	11.0	328.0	304.0	341.0	469.0	45.0	208.0
154	mmu-miR-652-3p	870.0	969.0	650.0	448.0	752.0	784.0	1298.0	1131.0	1366.0	1023.0	934.0	870.0	550.0	577.0	596.0	1224.0	810.0	1300.0	1662.0	430.0	584.0
155	mmu-miR-532-3p	44.0	60.0	52.0	34.0	65.0	20.0	75.0	79.0	69.0	62.0	55.0	58.0	49.0	38.0	39.0	81.0	55.0	77.0	113.0	35.0	37.0
156	mmu-miR-500-3p	36.0	28.0	32.0	23.0	49.0	32.0	52.0	67.0	81.0	49.0	37.0	54.0	11.0	26.0	30.0	95.0	34.0	62.0	81.0	21.0	36.0
157	mmu-miR-125b-1-3p	184.0	269.0	189.0	148.0	270.0	308.0	448.0	704.0	640.0	337.0	347.0	276.0	226.0	269.0	254.0	502.0	273.0	654.0	860.0	194.0	197.0
158	mmu-miR-3109-3p	13.0	14.0	0.0	17.0	21.0	14.0	17.0	20.0	33.0	17.0	11.0	18.0	0.0	4.0	0.0	24.0	13.0	23.0	24.0	0.0	13.0
159	mmu-miR-132-3p	1699.0	1608.0	1146.0	907.0	1123.0	1828.0	1971.0	2658.0	4547.0	1158.0	1597.0	1147.0	842.0	950.0	608.0	2337.0	1536.0	3442.0	2220.0	871.0	1742.0
160	mmu-miR-93-3p	36.0	32.0	37.0	26.0	50.0	21.0	68.0	51.0	51.0	42.0	42.0	74.0	31.0	27.0	15.0	60.0	41.0	57.0	55.0	18.0	28.0
161	mmu-miR-31-3p	28.0	21.0	0.0	20.0	24.0	14.0	13.0	28.0	20.0	8.0	0.0	10.0	0.0	0.0	0.0	15.0	14.0	9.0	23.0	0.0	17.0
162	mmu-let-7f-2-3p	551.0	345.0	337.0	0.0	340.0	334.0	402.0	458.0	523.0	0.0	0.0	0.0	0.0	0.0	0.0	378.0	0.0	290.0	374.0	0.0	242.0
163	mmu-miR-186-3p	20.0	0.0	15.0	17.0	13.0	11.0	16.0	10.0	22.0	9.0	11.0	14.0	0.0	0.0	0.0	17.0	15.0	14.0	11.0	0.0	16.0
164	mmu-miR-34c-3p	29.0	22.0	24.0	0.0	34.0	33.0	37.0	49.0	48.0	32.0	12.0	40.0	0.0	6.0	0.0	53.0	26.0	46.0	57.0	0.0	17.0
165	mmu-miR-140-3p	4843.0	3782.0	3465.0	2239.0	3716.0	8851.0	8703.0	11754.0	12126.0	8267.0	4984.0	4329.0	2456.0	4313.0	2834.0	12197.0	4463.0	9901.0	17423.0	2155.0	2972.0
166	mmu-miR-487b-3p	8.0	0.0	8.0	0.0	23.0	7.0	13.0	27.0	17.0	11.0	0.0	0.0	0.0	0.0	0.0	11.0	10.0	15.0	20.0	5.0	0.0
167	mmu-miR-126a-3p	70717.0	42742.0	47898.0	32898.0	42903.0	32164.0	53105.0	44467.0	81111.0	44330.0	22520.0	34624.0	2429.0	1209.0	598.0	53165.0	63901.0	44809.0	50711.0	3450.0	48514.0
168	mmu-miR-148b-3p	4082.0	3525.0	2998.0	2090.0	2959.0	4390.0	4314.0	3917.0	6247.0	3042.0	1633.0	1893.0	1027.0	1066.0	781.0	3707.0	3897.0	3936.0	4266.0	572.0	2744.0
169	mmu-miR-30c-2-3p	1063.0	1037.0	1184.0	687.0	832.0	677.0	1034.0	730.0	732.0	686.0	696.0	680.0	307.0	322.0	287.0	931.0	823.0	769.0	871.0	527.0	798.0
170	mmu-miR-320-3p	1571.0	1876.0	1836.0	982.0	1396.0	1360.0	2868.0	2163.0	2234.0	1755.0	2037.0	1667.0	1454.0	1491.0	1814.0	2526.0	1380.0	2342.0	3485.0	1577.0	1225.0
171	mmu-miR-350-3p	64.0	48.0	39.0	45.0	56.0	45.0	82.0	71.0	104.0	50.0	18.0	30.0	4.0	8.0	0.0	92.0	44.0	101.0	144.0	0.0	45.0
172	mmu-miR-99a-3p	127.0	105.0	95.0	67.0	95.0	196.0	208.0	260.0	217.0	169.0	68.0	93.0	22.0	20.0	18.0	196.0	144.0	201.0	418.0	25.0	98.0
173	mmu-miR-411-3p	20.0	16.0	24.0	11.0	23.0	32.0	32.0	42.0	61.0	30.0	14.0	9.0	2.0	6.0	0.0	26.0	36.0	36.0	54.0	0.0	15.0
174	mmu-miR-21a-3p	120.0	138.0	120.0	91.0	153.0	335.0	197.0	733.0	828.0	231.0	66.0	92.0	21.0	32.0	15.0	247.0	206.0	371.0	693.0	22.0	57.0
175	mmu-miR-203-3p	765.0	462.0	447.0	315.0	503.0	691.0	601.0	481.0	717.0	483.0	172.0	278.0	11.0	11.0	14.0	820.0	560.0	398.0	1049.0	26.0	428.0
176	mmu-miR-25-3p	7447.0	6241.0	5768.0	4170.0	5518.0	7158.0	8443.0	6628.0	8433.0	6225.0	3863.0	5155.0	1621.0	1412.0	701.0	7791.0	6421.0	7199.0	10245.0	1665.0	5002.0
177	mmu-miR-300-3p	129.0	143.0	129.0	81.0	123.0	227.0	277.0	364.0	446.0	233.0	118.0	136.0	32.0	29.0	39.0	223.0	124.0	285.0	451.0	39.0	94.0
178	mmu-miR-381-3p	153.0	114.0	140.0	85.0	120.0	180.0	207.0	196.0	268.0	215.0	65.0	86.0	14.0	14.0	11.0	181.0	124.0	262.0	314.0	25.0	91.0
179	mmu-miR-708-3p	38.0	0.0	30.0	0.0	34.0	34.0	38.0	32.0	0.0	18.0	13.0	0.0	0.0	0.0	0.0	38.0	20.0	0.0	44.0	0.0	0.0
180	mmu-miR-193a-3p	81.0	32.0	67.0	31.0	60.0	20.0	70.0	100.0	93.0	92.0	22.0	54.0	8.0	8.0	6.0	83.0	69.0	91.0	93.0	8.0	47.0
181	mmu-miR-145a-3p	3553.0	2129.0	2372.0	1704.0	2528.0	1267.0	2506.0	2029.0	2961.0	2210.0	304.0	680.0	20.0	9.0	12.0	2799.0	2800.0	1814.0	3402.0	38.0	2381.0
182	mmu-miR-673-3p	39.0	25.0	24.0	0.0	60.0	34.0	54.0	47.0	48.0	25.0	26.0	63.0	22.0	12.0	21.0	50.0	25.0	38.0	44.0	25.0	44.0
183	mmu-miR-342-3p	612.0	576.0	551.0	286.0	486.0	346.0	915.0	759.0	1093.0	631.0	424.0	539.0	216.0	205.0	151.0	752.0	646.0	749.0	1003.0	136.0	434.0
184	mmu-miR-218-1-3p	22.0	6.0	16.0	12.0	35.0	20.0	33.0	15.0	19.0	8.0	15.0	14.0	0.0	6.0	14.0	29.0	10.0	26.0	52.0	6.0	21.0
185	mmu-miR-574-3p	555.0	524.0	467.0	339.0	452.0	542.0	1181.0	1295.0	1306.0	941.0	718.0	614.0	347.0	343.0	258.0	1101.0	580.0	1284.0	1674.0	217.0	471.0
186	mmu-miR-22-3p	1483577.0	953804.0	1100406.0	730202.0	960698.0	725515.0	1203982.0	1040025.0	1596831.0	930324.0	552284.0	767291.0	194129.0	133533.0	95173.0	1254454.0	1130561.0	1055155.0	1320332.0	192824.0	998259.0
187	mmu-miR-30a-3p	8839.0	8127.0	7828.0	4756.0	6224.0	6253.0	7915.0	5692.0	7108.0	5726.0	3302.0	4461.0	1174.0	1040.0	677.0	7252.0	5986.0	5571.0	7879.0	1293.0	5457.0
188	mmu-miR-27b-3p	300097.0	220289.0	221518.0	143945.0	212371.0	424269.0	462856.0	497030.0	821510.0	345471.0	133071.0	197162.0	30526.0	23833.0	13830.0	404957.0	385784.0	428199.0	546718.0	29097.0	223768.0
189	mmu-miR-324-3p	66.0	72.0	67.0	48.0	69.0	45.0	96.0	91.0	100.0	66.0	64.0	90.0	50.0	55.0	58.0	90.0	60.0	100.0	160.0	43.0	53.0
190	mmu-miR-133b-3p	21219.0	18847.0	17012.0	11229.0	15003.0	8578.0	21745.0	14754.0	17688.0	9211.0	6453.0	8757.0	4943.0	3695.0	3345.0	9532.0	8926.0	9385.0	7807.0	3674.0	7906.0
191	mmu-miR-15b-3p	70.0	60.0	38.0	40.0	61.0	66.0	70.0	93.0	146.0	82.0	8.0	25.0	0.0	0.0	0.0	74.0	82.0	80.0	137.0	0.0	40.0
192	mmu-miR-322-3p	1075.0	732.0	772.0	529.0	732.0	744.0	1025.0	1055.0	1585.0	722.0	456.0	560.0	59.0	56.0	25.0	856.0	1061.0	915.0	893.0	95.0	787.0
193	mmu-miR-486a-5p	138276.0	142386.0	118791.0	80834.0	97532.0	142063.0	148879.0	92363.0	122235.0	108701.0	89404.0	95505.0	80395.0	69665.0	78216.0	88608.0	98081.0	114325.0	88835.0	82343.0	87091.0
194	mmu-miR-877-5p	52.0	40.0	41.0	30.0	39.0	23.0	46.0	68.0	68.0	42.0	50.0	47.0	35.0	36.0	55.0	65.0	44.0	64.0	71.0	35.0	38.0
195	mmu-miR-29a-5p	243.0	216.0	173.0	128.0	207.0	147.0	274.0	229.0	271.0	131.0	85.0	128.0	6.0	0.0	0.0	178.0	157.0	156.0	261.0	0.0	144.0
196	mmu-miR-199b-5p	204.0	203.0	133.0	113.0	210.0	246.0	532.0	664.0	824.0	435.0	71.0	126.0	15.0	19.0	10.0	640.0	325.0	592.0	1015.0	13.0	172.0
197	mmu-miR-503-5p	0.0	19.0	0.0	14.0	0.0	8.0	17.0	16.0	20.0	15.0	11.0	28.0	4.0	0.0	0.0	32.0	13.0	16.0	19.0	7.0	0.0
198	mmu-miR-100-5p	3972.0	3125.0	2748.0	1677.0	2605.0	3854.0	5556.0	4945.0	6076.0	4390.0	3295.0	3242.0	921.0	719.0	339.0	6455.0	3624.0	5809.0	8599.0	702.0	3188.0
199	mmu-miR-191-5p	50372.0	53008.0	43404.0	25692.0	38531.0	69411.0	66429.0	66290.0	90945.0	51868.0	40034.0	42925.0	18910.0	15559.0	8261.0	57679.0	46195.0	71117.0	66021.0	13032.0	32726.0
200	mmu-miR-505-5p	355.0	255.0	232.0	195.0	309.0	154.0	308.0	455.0	432.0	253.0	176.0	287.0	160.0	105.0	84.0	309.0	301.0	268.0	319.0	94.0	241.0
201	mmu-miR-106b-5p	423.0	243.0	260.0	206.0	289.0	196.0	392.0	306.0	573.0	248.0	81.0	145.0	11.0	13.0	8.0	302.0	438.0	280.0	511.0	8.0	281.0
202	mmu-miR-674-5p	201.0	263.0	215.0	165.0	263.0	118.0	403.0	320.0	399.0	249.0	253.0	286.0	162.0	171.0	143.0	340.0	280.0	356.0	369.0	155.0	182.0
203	mmu-miR-497a-5p	1594.0	1579.0	1479.0	1095.0	1671.0	1079.0	4229.0	4396.0	4344.0	2858.0	1437.0	1806.0	689.0	692.0	390.0	3708.0	2209.0	3677.0	4958.0	479.0	1391.0
204	mmu-miR-382-5p	19.0	14.0	16.0	16.0	16.0	24.0	23.0	20.0	16.0	8.0	25.0	22.0	0.0	14.0	7.0	27.0	11.0	34.0	43.0	5.0	11.0
205	mmu-miR-542-5p	35.0	33.0	32.0	23.0	23.0	28.0	43.0	39.0	48.0	28.0	23.0	20.0	15.0	13.0	5.0	35.0	31.0	30.0	32.0	8.0	22.0
206	mmu-miR-329-5p	36.0	16.0	26.0	23.0	34.0	28.0	41.0	54.0	54.0	28.0	26.0	28.0	11.0	10.0	23.0	47.0	24.0	46.0	66.0	10.0	28.0
207	mmu-miR-134-5p	28.0	25.0	39.0	21.0	36.0	46.0	58.0	70.0	90.0	48.0	46.0	34.0	9.0	19.0	19.0	57.0	18.0	60.0	112.0	7.0	26.0
208	mmu-let-7i-5p	21620.0	20311.0	18477.0	12061.0	16372.0	25002.0	26755.0	28043.0	37775.0	19578.0	12590.0	13883.0	3680.0	3332.0	1862.0	28198.0	20362.0	29092.0	46354.0	4236.0	16898.0
209	mmu-miR-874-5p	47.0	39.0	51.0	26.0	43.0	21.0	46.0	30.0	43.0	28.0	41.0	56.0	14.0	23.0	24.0	65.0	32.0	41.0	39.0	26.0	40.0
210	mmu-miR-201-5p	53.0	38.0	28.0	28.0	41.0	37.0	44.0	45.0	72.0	39.0	4.0	10.0	0.0	0.0	0.0	41.0	58.0	36.0	41.0	0.0	55.0
211	mmu-miR-212-5p	68.0	58.0	32.0	26.0	73.0	46.0	83.0	100.0	219.0	68.0	42.0	68.0	26.0	23.0	17.0	85.0	78.0	102.0	79.0	18.0	56.0
212	mmu-miR-146b-5p	526.0	431.0	371.0	186.0	336.0	2047.0	694.0	1113.0	2672.0	676.0	332.0	350.0	62.0	43.0	17.0	1083.0	619.0	1042.0	1586.0	50.0	254.0
213	mmu-miR-149-5p	12472.0	13274.0	12265.0	8516.0	10300.0	2590.0	16596.0	8921.0	7989.0	10921.0	8845.0	9700.0	6015.0	5065.0	4432.0	13335.0	9596.0	10357.0	11792.0	6383.0	10232.0
214	mmu-miR-185-5p	512.0	408.0	312.0	214.0	342.0	195.0	440.0	320.0	370.0	321.0	171.0	267.0	47.0	39.0	30.0	353.0	318.0	352.0	469.0	64.0	266.0
215	mmu-miR-351-5p	3114.0	3456.0	2757.0	1887.0	3081.0	3260.0	4735.0	5189.0	7414.0	3129.0	3018.0	3271.0	2421.0	2887.0	2068.0	2608.0	3579.0	4941.0	3851.0	1740.0	2535.0
216	mmu-miR-28a-5p	1362.0	1131.0	1295.0	804.0	1182.0	708.0	1831.0	1681.0	2027.0	1325.0	1275.0	1192.0	516.0	481.0	548.0	1807.0	1381.0	1675.0	1913.0	713.0	996.0
217	mmu-miR-215-5p	775.0	332.0	589.0	548.0	343.0	987.0	681.0	663.0	883.0	491.0	49.0	113.0	0.0	0.0	0.0	931.0	659.0	405.0	755.0	5.0	580.0
218	mmu-miR-330-5p	193.0	223.0	173.0	139.0	173.0	165.0	239.0	252.0	314.0	187.0	113.0	150.0	54.0	51.0	46.0	226.0	220.0	254.0	272.0	66.0	150.0
219	mmu-miR-425-5p	854.0	816.0	723.0	494.0	720.0	813.0	1102.0	1150.0	1732.0	798.0	575.0	700.0	231.0	209.0	92.0	1051.0	881.0	1160.0	1338.0	213.0	604.0
220	mmu-miR-18a-5p	56.0	37.0	33.0	33.0	37.0	29.0	47.0	41.0	71.0	40.0	6.0	28.0	0.0	0.0	0.0	37.0	50.0	43.0	56.0	0.0	28.0
221	mmu-miR-423-5p	1913.0	2123.0	2620.0	1921.0	1817.0	1114.0	2865.0	2262.0	2147.0	1847.0	2197.0	1758.0	1562.0	1799.0	1880.0	2334.0	1856.0	2395.0	2464.0	2046.0	1771.0
222	mmu-miR-501-5p	0.0	45.0	0.0	0.0	0.0	31.0	49.0	49.0	39.0	31.0	39.0	0.0	13.0	14.0	10.0	55.0	22.0	36.0	40.0	0.0	31.0
223	mmu-miR-335-5p	348.0	393.0	356.0	256.0	556.0	436.0	477.0	441.0	1309.0	362.0	81.0	138.0	0.0	6.0	0.0	308.0	876.0	384.0	527.0	5.0	548.0
224	mmu-miR-1a-2-5p	8.0	12.0	4.0	5.0	9.0	5.0	0.0	8.0	6.0	3.0	0.0	0.0	0.0	0.0	0.0	0.0	4.0	6.0	13.0	0.0	0.0
225	mmu-miR-1306-5p	14.0	32.0	21.0	16.0	28.0	15.0	35.0	27.0	33.0	22.0	26.0	29.0	20.0	25.0	19.0	21.0	22.0	36.0	31.0	16.0	21.0
226	mmu-miR-504-5p	134.0	183.0	97.0	96.0	120.0	69.0	188.0	133.0	194.0	97.0	131.0	118.0	68.0	80.0	41.0	129.0	94.0	133.0	98.0	74.0	145.0
227	mmu-miR-101a-5p	180.0	91.0	118.0	98.0	136.0	83.0	186.0	119.0	130.0	92.0	19.0	44.0	0.0	0.0	0.0	103.0	104.0	73.0	143.0	9.0	82.0
228	mmu-miR-301a-5p	17.0	10.0	0.0	13.0	15.0	7.0	14.0	16.0	20.0	7.0	0.0	8.0	0.0	0.0	0.0	19.0	15.0	20.0	23.0	0.0	14.0
229	mmu-miR-142a-5p	1953.0	907.0	894.0	1317.0	1208.0	1087.0	1246.0	1846.0	3862.0	1142.0	56.0	68.0	10.0	5.0	19.0	1179.0	2031.0	809.0	2936.0	17.0	758.0
230	mmu-miR-210-5p	101.0	106.0	105.0	71.0	100.0	91.0	146.0	230.0	275.0	94.0	81.0	113.0	86.0	99.0	60.0	143.0	113.0	167.0	173.0	63.0	75.0
231	mmu-miR-369-5p	16.0	20.0	21.0	13.0	12.0	16.0	15.0	32.0	35.0	25.0	9.0	12.0	3.0	0.0	0.0	32.0	17.0	22.0	47.0	0.0	15.0
232	mmu-miR-30e-5p	217057.0	129661.0	138620.0	101401.0	135763.0	110597.0	130202.0	95332.0	141520.0	110535.0	25976.0	53896.0	2238.0	1357.0	1357.0	117627.0	143643.0	90762.0	131544.0	4137.0	120243.0
233	mmu-miR-1247-5p	127.0	112.0	133.0	97.0	93.0	403.0	676.0	774.0	1379.0	420.0	286.0	219.0	351.0	448.0	516.0	349.0	215.0	621.0	778.0	176.0	96.0
234	mmu-miR-125a-5p	30455.0	28731.0	25876.0	16835.0	24808.0	19356.0	44706.0	39844.0	46543.0	34751.0	39951.0	34750.0	26915.0	24561.0	23371.0	46725.0	31080.0	44135.0	62166.0	18536.0	27398.0
235	mmu-miR-193b-5p	0.0	11.0	12.0	12.0	13.0	0.0	15.0	18.0	0.0	11.0	0.0	0.0	6.0	5.0	11.0	0.0	7.0	11.0	0.0	0.0	14.0
236	mmu-miR-29b-1-5p	23.0	19.0	15.0	13.0	21.0	14.0	21.0	15.0	11.0	11.0	13.0	5.0	5.0	0.0	0.0	16.0	11.0	26.0	11.0	4.0	18.0
237	mmu-miR-338-5p	22.0	24.0	44.0	20.0	26.0	20.0	35.0	17.0	19.0	16.0	16.0	30.0	8.0	6.0	0.0	41.0	19.0	27.0	28.0	9.0	31.0
238	mmu-miR-374b-5p	180.0	85.0	84.0	74.0	87.0	85.0	97.0	96.0	135.0	94.0	54.0	64.0	4.0	3.0	0.0	137.0	101.0	102.0	207.0	3.0	116.0
239	mmu-miR-485-5p	22.0	14.0	16.0	13.0	28.0	10.0	15.0	28.0	17.0	12.0	13.0	17.0	6.0	8.0	11.0	26.0	16.0	15.0	25.0	5.0	13.0
240	mmu-miR-431-5p	58.0	58.0	51.0	45.0	85.0	118.0	122.0	173.0	209.0	91.0	74.0	87.0	24.0	42.0	23.0	130.0	66.0	173.0	159.0	45.0	54.0
241	mmu-miR-541-5p	408.0	454.0	435.0	295.0	427.0	781.0	892.0	1083.0	1300.0	661.0	647.0	425.0	157.0	166.0	101.0	819.0	438.0	1084.0	1412.0	183.0	317.0
242	mmu-miR-130a-5p	165.0	119.0	107.0	0.0	141.0	0.0	126.0	151.0	137.0	76.0	0.0	0.0	0.0	0.0	0.0	137.0	0.0	184.0	117.0	0.0	0.0
243	mmu-miR-183-5p	264.0	309.0	226.0	208.0	325.0	205.0	304.0	328.0	342.0	184.0	190.0	119.0	0.0	0.0	0.0	324.0	257.0	290.0	297.0	74.0	275.0
244	mmu-miR-671-5p	72.0	56.0	67.0	33.0	75.0	49.0	95.0	98.0	154.0	86.0	60.0	81.0	25.0	19.0	25.0	105.0	65.0	92.0	165.0	18.0	49.0
245	mmu-miR-488-5p	21.0	9.0	10.0	0.0	19.0	11.0	14.0	10.0	14.0	6.0	0.0	0.0	0.0	0.0	0.0	24.0	11.0	16.0	0.0	0.0	0.0
246	mmu-miR-345-5p	341.0	239.0	254.0	177.0	238.0	195.0	386.0	291.0	395.0	277.0	201.0	316.0	119.0	96.0	76.0	329.0	272.0	402.0	373.0	81.0	226.0
247	mmu-miR-182-5p	154.0	136.0	85.0	77.0	77.0	194.0	145.0	149.0	214.0	106.0	61.0	51.0	17.0	8.0	8.0	214.0	136.0	218.0	385.0	17.0	95.0
248	mmu-let-7g-5p	26838.0	22112.0	21487.0	14137.0	17639.0	17602.0	24779.0	20455.0	29401.0	18209.0	9767.0	12431.0	1605.0	1159.0	783.0	25580.0	21066.0	20651.0	34416.0	2172.0	19730.0
249	mmu-miR-128-1-5p	58.0	53.0	33.0	28.0	52.0	44.0	52.0	41.0	43.0	36.0	33.0	38.0	24.0	25.0	20.0	52.0	30.0	56.0	48.0	35.0	40.0
250	mmu-miR-23b-5p	0.0	12.0	8.0	11.0	0.0	0.0	12.0	20.0	16.0	16.0	0.0	19.0	0.0	3.0	9.0	23.0	13.0	24.0	26.0	8.0	0.0
251	mmu-miR-187-5p	32.0	16.0	26.0	0.0	27.0	0.0	34.0	32.0	23.0	0.0	21.0	0.0	0.0	0.0	0.0	34.0	0.0	0.0	22.0	0.0	28.0
252	mmu-miR-10a-5p	62932.0	24910.0	114944.0	66066.0	29211.0	52891.0	65171.0	58580.0	49727.0	8777.0	32743.0	50125.0	1932.0	1964.0	2037.0	117360.0	11098.0	33662.0	88035.0	7915.0	12273.0
253	mmu-miR-17-5p	400.0	317.0	252.0	186.0	315.0	229.0	364.0	380.0	557.0	269.0	169.0	299.0	31.0	15.0	10.0	379.0	334.0	387.0	533.0	38.0	276.0
254	mmu-miR-449a-5p	0.0	0.0	0.0	9.0	19.0	19.0	15.0	11.0	8.0	9.0	0.0	10.0	0.0	0.0	0.0	12.0	7.0	21.0	15.0	0.0	0.0
255	mmu-miR-224-5p	74.0	87.0	78.0	39.0	77.0	105.0	251.0	309.0	339.0	141.0	150.0	103.0	25.0	26.0	15.0	321.0	95.0	296.0	603.0	29.0	78.0
256	mmu-miR-1198-5p	1571.0	1768.0	1414.0	1222.0	1457.0	876.0	2104.0	1366.0	1425.0	891.0	1320.0	1430.0	590.0	507.0	504.0	1471.0	1160.0	1071.0	1338.0	703.0	1174.0
257	mmu-miR-1955-5p	27.0	12.0	0.0	19.0	28.0	16.0	21.0	24.0	26.0	24.0	7.0	33.0	7.0	0.0	12.0	23.0	23.0	21.0	14.0	7.0	0.0
258	mmu-miR-3086-5p	20.0	9.0	17.0	11.0	17.0	19.0	16.0	17.0	10.0	12.0	14.0	23.0	0.0	0.0	0.0	25.0	13.0	17.0	18.0	8.0	0.0
259	mmu-miR-540-5p	49.0	22.0	37.0	0.0	47.0	29.0	35.0	53.0	25.0	33.0	15.0	50.0	0.0	0.0	0.0	59.0	23.0	40.0	53.0	0.0	36.0
260	mmu-miR-190a-5p	270.0	195.0	195.0	124.0	201.0	150.0	341.0	225.0	362.0	200.0	9.0	28.0	3.0	3.0	4.0	230.0	203.0	199.0	268.0	2.0	162.0
261	mmu-miR-32-5p	151.0	105.0	97.0	119.0	95.0	76.0	126.0	106.0	160.0	101.0	9.0	4.0	0.0	0.0	3.0	84.0	137.0	64.0	106.0	0.0	60.0
262	mmu-miR-34b-5p	20.0	13.0	8.0	11.0	18.0	32.0	43.0	85.0	100.0	42.0	12.0	18.0	0.0	4.0	0.0	73.0	17.0	63.0	107.0	0.0	20.0
263	mmu-miR-672-5p	20.0	7.0	9.0	10.0	21.0	12.0	23.0	15.0	11.0	8.0	6.0	4.0	0.0	5.0	3.0	19.0	12.0	15.0	15.0	7.0	10.0
264	mmu-miR-455-5p	1463.0	626.0	566.0	1342.0	684.0	436.0	648.0	783.0	646.0	356.0	50.0	57.0	9.0	0.0	0.0	888.0	406.0	478.0	783.0	32.0	814.0
265	mmu-miR-34a-5p	1356.0	1079.0	854.0	514.0	674.0	744.0	1441.0	916.0	1359.0	1056.0	715.0	918.0	385.0	319.0	278.0	1028.0	979.0	1104.0	1017.0	314.0	681.0
266	mmu-miR-10b-5p	34592.0	12003.0	60126.0	20761.0	12408.0	71590.0	46007.0	76292.0	59906.0	23519.0	27116.0	14956.0	1711.0	1928.0	1008.0	107356.0	10534.0	21550.0	87880.0	6020.0	7411.0
267	mmu-miR-136-5p	160.0	97.0	113.0	81.0	113.0	165.0	251.0	324.0	282.0	215.0	9.0	16.0	2.0	0.0	0.0	223.0	100.0	119.0	396.0	0.0	85.0
268	mmu-miR-151-5p	19860.0	17502.0	18304.0	10956.0	14365.0	9468.0	22544.0	18129.0	24132.0	16500.0	15635.0	16400.0	8026.0	7375.0	7457.0	17108.0	17875.0	19690.0	18120.0	8198.0	13818.0
269	mmu-miR-666-5p	18.0	21.0	20.0	21.0	25.0	19.0	35.0	37.0	32.0	24.0	17.0	21.0	6.0	9.0	6.0	43.0	20.0	21.0	25.0	19.0	38.0
270	mmu-miR-195a-5p	3102.0	1907.0	2357.0	1345.0	2063.0	2881.0	4936.0	5111.0	7117.0	3066.0	1207.0	1742.0	74.0	41.0	57.0	5839.0	3426.0	4826.0	9142.0	97.0	2295.0
271	mmu-miR-3061-5p	20.0	19.0	28.0	16.0	20.0	17.0	32.0	17.0	28.0	15.0	21.0	34.0	11.0	6.0	3.0	19.0	22.0	27.0	24.0	13.0	26.0
272	mmu-miR-92a-1-5p	64.0	87.0	54.0	51.0	60.0	37.0	91.0	68.0	73.0	58.0	47.0	69.0	36.0	23.0	19.0	84.0	59.0	62.0	84.0	32.0	61.0
273	mmu-miR-339-5p	306.0	314.0	222.0	155.0	250.0	219.0	396.0	341.0	417.0	238.0	152.0	212.0	83.0	109.0	82.0	417.0	240.0	372.0	464.0	95.0	192.0
274	mmu-miR-340-5p	1365.0	756.0	821.0	579.0	843.0	1335.0	1090.0	1275.0	2372.0	836.0	111.0	160.0	28.0	19.0	51.0	1021.0	1393.0	693.0	2059.0	34.0	760.0
275	mmu-miR-676-5p	208.0	152.0	121.0	107.0	194.0	243.0	244.0	222.0	231.0	174.0	47.0	84.0	8.0	0.0	0.0	256.0	167.0	226.0	468.0	12.0	140.0
276	mmu-miR-872-5p	526.0	491.0	441.0	284.0	440.0	354.0	556.0	614.0	817.0	420.0	101.0	191.0	7.0	7.0	7.0	662.0	508.0	544.0	939.0	13.0	404.0
277	mmu-miR-30b-5p	20220.0	12944.0	13905.0	10095.0	14566.0	4679.0	15025.0	12136.0	17859.0	11592.0	3072.0	5387.0	309.0	195.0	188.0	16500.0	14848.0	11889.0	18222.0	601.0	13103.0
278	mmu-miR-29c-5p	96.0	90.0	80.0	37.0	69.0	39.0	78.0	74.0	88.0	61.0	37.0	60.0	13.0	10.0	9.0	67.0	57.0	59.0	76.0	9.0	54.0
279	mmu-miR-361-5p	824.0	685.0	572.0	400.0	532.0	737.0	970.0	901.0	1123.0	643.0	642.0	592.0	249.0	223.0	133.0	1052.0	633.0	1224.0	1099.0	213.0	655.0
280	mmu-miR-409-5p	0.0	11.0	0.0	0.0	10.0	0.0	0.0	16.0	19.0	8.0	3.0	0.0	0.0	0.0	0.0	11.0	7.0	23.0	12.0	0.0	10.0
281	mmu-miR-130b-5p	27.0	52.0	27.0	25.0	29.0	32.0	30.0	33.0	32.0	29.0	19.0	21.0	10.0	8.0	5.0	42.0	30.0	31.0	37.0	9.0	14.0
282	mmu-miR-379-5p	112.0	59.0	62.0	30.0	70.0	146.0	154.0	155.0	247.0	112.0	91.0	56.0	6.0	7.0	0.0	137.0	79.0	156.0	194.0	15.0	60.0
283	mmu-miR-337-5p	47.0	44.0	31.0	21.0	45.0	36.0	74.0	75.0	110.0	53.0	59.0	41.0	25.0	28.0	24.0	67.0	43.0	85.0	115.0	19.0	22.0
284	mmu-miR-3057-5p	177.0	174.0	189.0	133.0	137.0	164.0	188.0	148.0	149.0	124.0	133.0	188.0	89.0	79.0	52.0	136.0	163.0	178.0	143.0	112.0	159.0
285	mmu-let-7b-5p	12324.0	13264.0	11818.0	6909.0	9929.0	7979.0	18552.0	15434.0	17795.0	12520.0	13566.0	8841.0	9313.0	9428.0	10492.0	16613.0	9960.0	16108.0	21917.0	8469.0	8606.0
286	mmu-miR-208a-5p	418.0	463.0	386.0	272.0	352.0	109.0	548.0	327.0	458.0	408.0	395.0	471.0	344.0	236.0	246.0	343.0	398.0	471.0	363.0	212.0	305.0
287	mmu-miR-1947-5p	98.0	73.0	80.0	53.0	85.0	64.0	102.0	71.0	82.0	67.0	55.0	83.0	25.0	39.0	23.0	84.0	87.0	87.0	102.0	44.0	77.0
288	mmu-miR-33-5p	39.0	33.0	20.0	39.0	36.0	26.0	52.0	56.0	77.0	32.0	0.0	0.0	0.0	0.0	0.0	31.0	37.0	35.0	41.0	0.0	31.0
289	mmu-miR-26b-5p	31918.0	23667.0	20528.0	13320.0	18697.0	25013.0	25300.0	19984.0	30182.0	20354.0	6389.0	10583.0	907.0	592.0	394.0	28243.0	22406.0	19261.0	34729.0	944.0	17960.0
290	mmu-miR-376b-5p	26.0	20.0	19.0	21.0	21.0	12.0	48.0	42.0	48.0	26.0	10.0	6.0	0.0	0.0	4.0	38.0	28.0	37.0	59.0	0.0	22.0
291	mmu-miR-152-5p	381.0	284.0	232.0	139.0	276.0	444.0	472.0	454.0	681.0	337.0	118.0	182.0	52.0	46.0	27.0	413.0	320.0	465.0	545.0	50.0	248.0
292	mmu-miR-744-5p	1213.0	1590.0	1356.0	994.0	1180.0	866.0	1656.0	1564.0	1899.0	1144.0	1340.0	1098.0	973.0	1143.0	1107.0	1593.0	1161.0	1513.0	1649.0	1107.0	1084.0
293	mmu-miR-127-5p	60.0	43.0	55.0	41.0	56.0	60.0	62.0	85.0	94.0	51.0	39.0	56.0	0.0	11.0	13.0	65.0	36.0	85.0	100.0	23.0	59.0
294	mmu-miR-3068-5p	41.0	26.0	18.0	24.0	32.0	39.0	43.0	57.0	71.0	16.0	13.0	15.0	3.0	0.0	0.0	33.0	35.0	33.0	42.0	0.0	33.0
295	mmu-miR-1943-5p	195.0	179.0	139.0	104.0	140.0	103.0	192.0	133.0	193.0	123.0	138.0	133.0	109.0	51.0	87.0	167.0	105.0	177.0	128.0	74.0	100.0
296	mmu-miR-99b-5p	12981.0	12702.0	10516.0	6658.0	11013.0	12388.0	21757.0	20346.0	26345.0	17739.0	16337.0	16637.0	10011.0	9575.0	6714.0	21826.0	14893.0	24390.0	33678.0	6535.0	11778.0
297	mmu-miR-144-5p	1034.0	343.0	634.0	703.0	581.0	460.0	393.0	519.0	1169.0	508.0	54.0	132.0	6.0	7.0	3.0	227.0	966.0	469.0	521.0	16.0	574.0
298	mmu-miR-150-5p	8146.0	6141.0	8098.0	5172.0	6285.0	1576.0	11892.0	6487.0	5734.0	7459.0	6318.0	7986.0	4124.0	3396.0	3869.0	8507.0	5705.0	5705.0	5918.0	4630.0	6909.0
299	mmu-miR-29b-2-5p	22.0	30.0	21.0	23.0	25.0	15.0	29.0	12.0	32.0	18.0	27.0	22.0	7.0	10.0	5.0	22.0	23.0	30.0	21.0	10.0	22.0
300	mmu-miR-490-5p	32.0	67.0	32.0	27.0	51.0	26.0	37.0	48.0	45.0	33.0	29.0	46.0	30.0	38.0	19.0	46.0	22.0	42.0	33.0	18.0	25.0
301	mmu-miR-450b-5p	234.0	130.0	139.0	97.0	149.0	134.0	153.0	152.0	318.0	122.0	14.0	29.0	0.0	0.0	0.0	125.0	196.0	113.0	167.0	0.0	121.0
302	mmu-miR-23a-5p	18.0	17.0	15.0	0.0	9.0	0.0	14.0	20.0	13.0	8.0	5.0	13.0	7.0	0.0	10.0	16.0	0.0	21.0	16.0	8.0	0.0
303	mmu-miR-376a-5p	0.0	9.0	11.0	18.0	14.0	0.0	25.0	17.0	27.0	11.0	0.0	0.0	0.0	0.0	0.0	14.0	6.0	16.0	17.0	0.0	15.0
304	mmu-miR-700-5p	34.0	42.0	36.0	32.0	44.0	44.0	61.0	61.0	63.0	32.0	38.0	62.0	33.0	32.0	27.0	84.0	39.0	70.0	79.0	13.0	45.0
305	mmu-miR-15a-5p	2939.0	2229.0	2112.0	1484.0	2055.0	1517.0	3189.0	2456.0	3629.0	2281.0	517.0	1144.0	60.0	34.0	33.0	2806.0	2685.0	2158.0	3576.0	89.0	1790.0
306	mmu-miR-143-5p	276.0	198.0	207.0	139.0	185.0	151.0	273.0	212.0	376.0	263.0	132.0	174.0	50.0	74.0	46.0	339.0	236.0	269.0	369.0	74.0	225.0
307	mmu-miR-331-5p	40.0	35.0	33.0	51.0	60.0	34.0	43.0	23.0	31.0	38.0	28.0	45.0	10.0	18.0	17.0	51.0	33.0	39.0	42.0	17.0	39.0
308	mmu-miR-139-5p	894.0	975.0	742.0	487.0	685.0	364.0	1072.0	606.0	904.0	714.0	565.0	785.0	346.0	288.0	270.0	764.0	655.0	719.0	767.0	245.0	539.0
309	mmu-let-7e-5p	1812.0	1763.0	1725.0	954.0	1729.0	2027.0	3024.0	3025.0	3829.0	1701.0	2612.0	788.0	1346.0	1524.0	1246.0	2947.0	1985.0	2678.0	4519.0	1468.0	1466.0
310	mmu-let-7d-5p	13828.0	12961.0	14405.0	8440.0	10015.0	5522.0	15201.0	11684.0	13675.0	9652.0	10050.0	9276.0	4568.0	4210.0	3403.0	14811.0	10049.0	12752.0	15065.0	5089.0	10447.0
311	mmu-miR-30d-5p	177183.0	140093.0	123783.0	80016.0	121042.0	117248.0	146801.0	112743.0	156159.0	110126.0	81536.0	97984.0	38050.0	30600.0	21625.0	144774.0	115438.0	118623.0	144316.0	35142.0	107964.0
312	mmu-miR-470-5p	30.0	19.0	22.0	13.0	31.0	20.0	29.0	20.0	28.0	18.0	15.0	0.0	0.0	8.0	0.0	31.0	21.0	19.0	30.0	0.0	21.0
313	mmu-miR-362-5p	16.0	21.0	15.0	13.0	29.0	8.0	26.0	28.0	22.0	20.0	13.0	27.0	0.0	0.0	5.0	36.0	22.0	17.0	31.0	0.0	26.0
314	mmu-miR-188-5p	26.0	30.0	21.0	17.0	30.0	20.0	41.0	37.0	26.0	26.0	24.0	31.0	0.0	15.0	0.0	34.0	33.0	36.0	45.0	3.0	28.0
315	mmu-miR-222-5p	24.0	40.0	34.0	26.0	44.0	56.0	46.0	72.0	80.0	39.0	24.0	35.0	5.0	7.0	0.0	59.0	32.0	44.0	42.0	6.0	53.0
316	mmu-miR-499-5p	7998.0	5010.0	5442.0	3625.0	4439.0	2023.0	5298.0	2896.0	4457.0	4700.0	516.0	1390.0	79.0	21.0	40.0	3592.0	6656.0	3518.0	3329.0	78.0	4190.0
317	mmu-miR-223-5p	21.0	38.0	9.0	18.0	34.0	21.0	0.0	42.0	37.0	17.0	13.0	26.0	0.0	0.0	0.0	33.0	21.0	36.0	46.0	0.0	24.0
318	mmu-miR-20a-5p	630.0	445.0	382.0	255.0	425.0	320.0	547.0	358.0	668.0	404.0	225.0	346.0	19.0	12.0	12.0	514.0	543.0	441.0	643.0	24.0	414.0
319	mmu-miR-24-1-5p	62.0	41.0	48.0	30.0	60.0	51.0	102.0	91.0	155.0	67.0	24.0	47.0	16.0	8.0	5.0	94.0	78.0	86.0	111.0	0.0	53.0
320	mmu-miR-299a-5p	12.0	7.0	0.0	0.0	0.0	12.0	13.0	17.0	19.0	6.0	9.0	6.0	5.0	0.0	0.0	20.0	10.0	16.0	23.0	4.0	0.0
321	mmu-miR-378a-5p	2310.0	2472.0	1675.0	1012.0	1727.0	900.0	2300.0	1621.0	2256.0	2018.0	1306.0	1680.0	853.0	676.0	642.0	2064.0	1551.0	1935.0	2178.0	614.0	1287.0
322	mmu-miR-27a-5p	90.0	117.0	78.0	39.0	71.0	59.0	79.0	128.0	92.0	66.0	58.0	57.0	23.0	32.0	27.0	145.0	54.0	75.0	109.0	34.0	81.0
323	mmu-miR-582-5p	31.0	29.0	24.0	23.0	237.0	29.0	41.0	58.0	70.0	24.0	6.0	8.0	0.0	0.0	0.0	78.0	50.0	32.0	79.0	0.0	26.0
324	mmu-miR-146a-5p	2653.0	2484.0	2348.0	1246.0	2437.0	3497.0	3760.0	2570.0	3577.0	2680.0	1935.0	2439.0	487.0	234.0	132.0	3888.0	3530.0	3074.0	6237.0	470.0	1553.0
325	mmu-miR-221-5p	50.0	40.0	33.0	35.0	29.0	50.0	63.0	61.0	100.0	41.0	34.0	49.0	11.0	10.0	5.0	88.0	77.0	67.0	110.0	10.0	57.0
326	mmu-miR-3098-5p	33.0	20.0	34.0	35.0	35.0	16.0	24.0	26.0	24.0	19.0	0.0	29.0	9.0	8.0	0.0	29.0	26.0	28.0	18.0	6.0	34.0
327	mmu-miR-192-5p	13971.0	9317.0	11119.0	7282.0	8832.0	12744.0	10356.0	8165.0	14468.0	8399.0	1967.0	4116.0	142.0	92.0	69.0	10358.0	10352.0	8166.0	15090.0	315.0	7867.0
328	mmu-miR-98-5p	2456.0	2077.0	2017.0	1250.0	1459.0	2886.0	2658.0	2275.0	3768.0	1750.0	825.0	1145.0	42.0	30.0	24.0	2632.0	2314.0	2393.0	3538.0	89.0	1873.0
329	mmu-miR-148a-5p	247.0	174.0	154.0	99.0	150.0	232.0	223.0	262.0	349.0	185.0	63.0	121.0	30.0	20.0	6.0	253.0	189.0	204.0	319.0	23.0	159.0
330	mmu-miR-181c-5p	12238.0	9853.0	7713.0	4722.0	8457.0	11318.0	13821.0	11331.0	17486.0	8428.0	5792.0	7600.0	2323.0	2030.0	1362.0	12408.0	9847.0	8826.0	18035.0	1861.0	7942.0
331	mmu-miR-190b-5p	41.0	21.0	25.0	22.0	24.0	23.0	34.0	17.0	28.0	20.0	9.0	23.0	0.0	0.0	0.0	25.0	11.0	22.0	32.0	0.0	24.0
332	mmu-miR-214-5p	128.0	127.0	100.0	71.0	115.0	252.0	536.0	637.0	746.0	324.0	153.0	143.0	63.0	83.0	51.0	570.0	191.0	577.0	1134.0	40.0	135.0
333	mmu-miR-196b-5p	0.0	22.0	23.0	0.0	17.0	11.0	0.0	22.0	12.0	0.0	11.0	16.0	4.0	0.0	0.0	27.0	0.0	17.0	0.0	0.0	0.0
334	mmu-miR-532-5p	947.0	925.0	688.0	450.0	773.0	1363.0	1431.0	1191.0	1743.0	1051.0	908.0	911.0	370.0	302.0	216.0	1554.0	960.0	1330.0	2669.0	321.0	718.0
335	mmu-miR-204-5p	2795.0	2859.0	2458.0	1642.0	2561.0	2683.0	3950.0	3733.0	4299.0	2773.0	1834.0	2384.0	689.0	688.0	308.0	2881.0	3034.0	3467.0	3095.0	734.0	2350.0
336	mmu-miR-296-5p	26.0	23.0	21.0	22.0	23.0	27.0	43.0	40.0	38.0	18.0	24.0	27.0	13.0	15.0	11.0	43.0	19.0	48.0	55.0	13.0	20.0
337	mmu-miR-132-5p	80.0	79.0	53.0	51.0	93.0	57.0	63.0	110.0	198.0	55.0	53.0	110.0	17.0	18.0	10.0	102.0	77.0	105.0	127.0	16.0	59.0
338	mmu-miR-93-5p	2933.0	2467.0	2113.0	1560.0	2314.0	2708.0	3503.0	2835.0	4177.0	2397.0	1909.0	2356.0	876.0	762.0	469.0	3087.0	2989.0	3244.0	4265.0	755.0	1952.0
339	mmu-miR-31-5p	649.0	735.0	409.0	304.0	652.0	473.0	906.0	862.0	967.0	547.0	452.0	398.0	174.0	215.0	169.0	970.0	488.0	780.0	1404.0	191.0	558.0
340	mmu-miR-186-5p	13094.0	10290.0	9562.0	6792.0	9130.0	8948.0	13588.0	11280.0	16521.0	10115.0	6268.0	8343.0	1570.0	1070.0	497.0	11890.0	11644.0	11770.0	14371.0	1804.0	8572.0
341	mmu-miR-34c-5p	191.0	243.0	217.0	137.0	256.0	526.0	892.0	1552.0	2227.0	791.0	404.0	313.0	40.0	84.0	65.0	1201.0	373.0	1454.0	2156.0	65.0	192.0
342	mmu-miR-140-5p	371.0	276.0	228.0	160.0	259.0	470.0	518.0	665.0	852.0	495.0	147.0	176.0	15.0	18.0	24.0	733.0	386.0	519.0	895.0	20.0	250.0
343	mmu-miR-1934-5p	22.0	20.0	24.0	34.0	32.0	0.0	26.0	31.0	29.0	17.0	19.0	30.0	11.0	10.0	8.0	38.0	14.0	34.0	23.0	8.0	28.0
344	mmu-miR-154-5p	12.0	15.0	16.0	8.0	16.0	24.0	35.0	37.0	41.0	34.0	16.0	21.0	0.0	8.0	2.0	33.0	18.0	44.0	38.0	0.0	11.0
345	mmu-miR-126a-5p	213668.0	145177.0	140970.0	97159.0	126116.0	186699.0	159075.0	135601.0	270193.0	147469.0	15282.0	35497.0	907.0	705.0	741.0	135420.0	183581.0	117647.0	149332.0	1570.0	122973.0
346	mmu-miR-148b-5p	147.0	116.0	110.0	93.0	128.0	46.0	139.0	169.0	269.0	133.0	31.0	64.0	16.0	11.0	8.0	157.0	147.0	150.0	165.0	11.0	124.0
347	mmu-miR-350-5p	83.0	90.0	68.0	42.0	86.0	92.0	117.0	93.0	131.0	74.0	77.0	86.0	52.0	47.0	46.0	97.0	77.0	91.0	138.0	43.0	67.0
348	mmu-miR-99a-5p	7617.0	5412.0	5426.0	3333.0	4864.0	9596.0	8667.0	9378.0	12882.0	7241.0	4400.0	5020.0	1433.0	960.0	450.0	8755.0	6589.0	8882.0	12593.0	1019.0	4975.0
349	mmu-miR-411-5p	1149.0	902.0	850.0	611.0	999.0	2374.0	1950.0	2516.0	3843.0	1569.0	657.0	675.0	146.0	145.0	91.0	2032.0	1123.0	2007.0	3788.0	127.0	798.0
350	mmu-miR-21a-5p	16020.0	15751.0	12473.0	9814.0	14717.0	44628.0	39963.0	67466.0	137223.0	29524.0	3220.0	5022.0	191.0	227.0	362.0	57570.0	27811.0	53172.0	131418.0	314.0	11888.0
351	mmu-miR-155-5p	761.0	623.0	586.0	432.0	512.0	347.0	695.0	558.0	779.0	469.0	431.0	466.0	176.0	154.0	112.0	730.0	557.0	570.0	756.0	181.0	470.0
352	mmu-miR-25-5p	29.0	19.0	17.0	14.0	34.0	15.0	43.0	31.0	31.0	16.0	19.0	28.0	9.0	13.0	14.0	40.0	23.0	26.0	24.0	18.0	26.0
353	mmu-miR-708-5p	22.0	0.0	20.0	0.0	20.0	20.0	20.0	13.0	16.0	13.0	16.0	0.0	0.0	0.0	0.0	22.0	15.0	16.0	25.0	0.0	27.0
354	mmu-miR-193a-5p	14.0	0.0	11.0	9.0	16.0	8.0	13.0	22.0	18.0	11.0	11.0	8.0	13.0	4.0	8.0	17.0	15.0	21.0	15.0	7.0	11.0
355	mmu-miR-145a-5p	3792.0	3229.0	2732.0	1346.0	2738.0	1353.0	4527.0	3643.0	4744.0	3630.0	2743.0	3396.0	1482.0	1325.0	908.0	5491.0	2710.0	3843.0	6358.0	1071.0	2342.0
356	mmu-miR-673-5p	70.0	63.0	51.0	70.0	94.0	102.0	114.0	135.0	134.0	100.0	97.0	79.0	27.0	69.0	51.0	116.0	67.0	154.0	212.0	41.0	65.0
357	mmu-miR-342-5p	20.0	25.0	12.0	16.0	36.0	15.0	23.0	28.0	34.0	13.0	26.0	28.0	8.0	11.0	11.0	27.0	12.0	22.0	38.0	6.0	13.0
358	mmu-miR-24-2-5p	3155.0	2190.0	2249.0	1520.0	2287.0	1455.0	3508.0	4150.0	6401.0	2643.0	940.0	1428.0	165.0	117.0	68.0	3167.0	3284.0	3214.0	4131.0	173.0	2097.0
359	mmu-miR-574-5p	74.0	71.0	61.0	47.0	80.0	81.0	161.0	137.0	152.0	104.0	142.0	94.0	74.0	75.0	80.0	180.0	76.0	131.0	332.0	70.0	58.0
360	mmu-miR-22-5p	670.0	555.0	450.0	271.0	424.0	187.0	622.0	508.0	697.0	501.0	224.0	272.0	21.0	14.0	9.0	574.0	492.0	426.0	720.0	25.0	411.0
361	mmu-miR-30a-5p	331220.0	201498.0	209036.0	141931.0	200522.0	238632.0	216658.0	182710.0	275457.0	182726.0	69568.0	120273.0	13873.0	8582.0	5671.0	206551.0	223893.0	178932.0	263882.0	18190.0	175220.0
362	mmu-miR-1a-1-5p	58.0	42.0	28.0	21.0	36.0	33.0	59.0	38.0	59.0	32.0	6.0	8.0	0.0	0.0	0.0	31.0	35.0	21.0	51.0	0.0	30.0
363	mmu-miR-27b-5p	304.0	249.0	374.0	232.0	262.0	481.0	569.0	723.0	859.0	361.0	255.0	289.0	79.0	70.0	39.0	495.0	425.0	588.0	618.0	117.0	327.0
364	mmu-miR-324-5p	110.0	117.0	66.0	45.0	64.0	111.0	177.0	176.0	190.0	82.0	100.0	96.0	63.0	66.0	70.0	180.0	85.0	161.0	208.0	77.0	64.0
365	mmu-miR-15b-5p	412.0	392.0	298.0	222.0	344.0	227.0	555.0	553.0	748.0	390.0	357.0	389.0	288.0	342.0	256.0	494.0	436.0	617.0	787.0	166.0	272.0
366	mmu-miR-298-5p	71.0	63.0	64.0	44.0	58.0	154.0	159.0	198.0	259.0	81.0	83.0	74.0	61.0	93.0	58.0	121.0	86.0	252.0	235.0	32.0	55.0
367	mmu-miR-181d-5p	1828.0	1638.0	1312.0	895.0	1340.0	1855.0	2079.0	1753.0	2159.0	1335.0	1156.0	1230.0	439.0	456.0	237.0	1580.0	1352.0	1736.0	2668.0	465.0	1193.0
368	mmu-miR-322-5p	6934.0	5388.0	4699.0	3195.0	4723.0	4653.0	7798.0	6733.0	10939.0	5324.0	864.0	1934.0	64.0	45.0	33.0	6812.0	7564.0	5879.0	6957.0	94.0	4708.0
369	mmu-miR-1960	60.0	62.0	48.0	39.0	65.0	32.0	43.0	45.0	43.0	27.0	28.0	47.0	25.0	13.0	9.0	47.0	36.0	34.0	43.0	26.0	48.0
370	mmu-miR-451a	6122.0	1830.0	2999.0	3349.0	3259.0	1770.0	2520.0	3485.0	7764.0	3025.0	710.0	1712.0	66.0	34.0	23.0	1671.0	5625.0	3027.0	3533.0	78.0	3170.0
