miRNA	 165_sham 1_R1.fastq	 175_sham 2_R1.fastq	 189_sham 3_R1.fastq	 606_sham 4_R1.fastq	 608_sham 5_R1.fastq	 156_TAC 1_R1.fastq	 157_TAC 2_R1.fastq	 541_TAC 3_R1.fastq	 612_TAC 4_R1.fastq	 631_TAC 5_R1.fastq
mmu-miR-193b-3p	254	232	204	101	189	154	335	304	391	292
mmu-miR-3058-3p	28	37	34	31	0	0	35	26	23	18
mmu-miR-186-3p	20	0	15	17	13	11	16	10	22	9
mmu-miR-16-2-3p	60	34	28	38	39	44	45	51	89	56
mmu-miR-342-3p	612	576	551	286	486	346	915	759	1093	631
mmu-miR-582-3p	278	227	193	148	1799	464	414	472	602	227
mmu-let-7i-3p	155	148	123	81	115	99	195	163	191	166
mmu-miR-340-3p	164	119	133	113	148	57	163	172	245	125
mmu-miR-871-3p	22	22	9	22	25	9	32	0	14	6
mmu-miR-142a-3p	4058	3656	2923	2639	2906	3673	3712	4254	9303	3301
mmu-miR-361-3p	448	346	355	296	368	341	540	466	524	406
mmu-miR-1249-3p	261	264	239	148	214	176	360	256	336	263
mmu-let-7a-2-3p	10	10	0	18	0	10	19	13	14	15
mmu-miR-141-3p	97	59	60	50	97	42	74	52	88	55
mmu-miR-193a-3p	81	32	67	31	60	20	70	100	93	92
mmu-miR-148a-3p	58758	35403	37287	24062	28643	66179	42168	41374	68245	39741
mmu-miR-26a-2-3p	34	26	27	26	33	15	30	27	35	28
mmu-miR-147-3p	75	29	31	43	38	33	42	80	92	28
mmu-miR-21a-3p	120	138	120	91	153	335	197	733	828	231
mmu-miR-423-3p	3145	3403	3126	2122	2674	1330	4169	3419	3651	2826
mmu-miR-328-3p	4281	4325	4943	3329	3398	2387	5116	3559	3751	3512
mmu-miR-200c-3p	21	25	18	16	28	0	13	15	12	22
mmu-miR-1247-3p	0	23	0	0	0	27	0	49	52	22
mmu-miR-25-3p	7447	6241	5768	4170	5518	7158	8443	6628	8433	6225
mmu-let-7e-3p	58	86	70	55	72	61	105	103	125	78
mmu-miR-144-3p	1221	338	655	1171	706	263	396	871	983	689
mmu-miR-339-3p	324	336	290	187	304	146	417	433	461	297
mmu-miR-369-3p	17	13	11	9	22	14	22	30	26	21
mmu-miR-486a-3p	6678	6767	6337	4472	4890	6632	6543	4552	6035	2962
mmu-miR-667-3p	21	25	22	0	0	15	29	62	51	35
mmu-miR-98-3p	140	114	118	96	140	107	173	141	212	116
mmu-miR-143-3p	682541	393764	427740	270656	420238	728890	538258	485697	800463	464580
mmu-miR-130b-3p	54	122	65	37	51	51	72	95	118	57
mmu-miR-320-3p	1571	1876	1836	982	1396	1360	2868	2163	2234	1755
mmu-miR-23b-3p	15578	15806	11178	7463	11073	18084	27884	31117	36254	16311
mmu-miR-429-3p	9	0	14	12	12	10	13	24	15	7
mmu-miR-708-3p	38	0	30	0	34	34	38	32	0	18
mmu-miR-33-3p	22	11	21	20	22	0	23	0	21	13
mmu-miR-547-3p	56	49	39	31	51	50	87	68	93	59
mmu-miR-27b-3p	300097	220289	221518	143945	212371	424269	462856	497030	821510	345471
mmu-miR-375-3p	16	30	9	17	24	13	39	18	24	18
mmu-miR-23a-3p	18945	14848	11951	8299	11191	15056	22513	24854	29013	12459
mmu-miR-15a-3p	33	10	16	15	16	20	24	34	24	18
mmu-miR-490-3p	1347	1507	1158	770	1322	1264	1820	1835	2954	1235
mmu-miR-125b-1-3p	184	269	189	148	270	308	448	704	640	337
mmu-miR-488-3p	88	58	59	43	73	58	85	97	85	69
mmu-miR-1948-3p	37	36	20	26	39	26	30	43	46	25
mmu-miR-29a-3p	37967	32375	27334	19550	26855	13478	35760	29884	37010	26210
mmu-miR-130a-3p	4621	3791	3231	2101	3215	3121	4630	4760	6811	3592
mmu-miR-411-3p	20	16	24	11	23	32	32	42	61	30
mmu-miR-1964-3p	126	121	119	90	117	80	98	85	104	94
mmu-miR-208a-3p	6532	2474	3465	3197	3764	1819	3080	3205	5292	2648
mmu-miR-301a-3p	1678	1075	1040	756	1132	2229	1693	1685	3935	1430
mmu-miR-501-3p	76	76	64	46	77	111	138	137	158	116
mmu-miR-16-1-3p	41	35	36	32	45	21	44	58	40	26
mmu-miR-671-3p	336	378	376	188	309	418	598	561	567	414
mmu-miR-10a-3p	48	19	67	51	22	37	48	44	37	5
mmu-miR-362-3p	66	30	27	37	38	48	68	67	79	60
mmu-miR-380-3p	14	10	8	7	27	9	12	21	45	14
mmu-miR-425-3p	216	204	205	180	215	123	260	243	251	170
mmu-let-7f-2-3p	551	345	337	0	340	334	402	458	523	0
mmu-miR-22-3p	1483577	953804	1100406	730202	960698	725515	1203982	1040025	1596831	930324
mmu-miR-1943-3p	22	16	7	14	24	8	18	19	14	22
mmu-miR-331-3p	357	328	226	167	242	120	460	426	639	394
mmu-miR-330-3p	68	57	52	46	86	45	83	66	92	51
mmu-miR-31-3p	28	21	0	20	24	14	13	28	20	8
mmu-miR-145a-3p	3553	2129	2372	1704	2528	1267	2506	2029	2961	2210
mmu-miR-150-3p	39	40	33	30	37	28	55	28	33	27
mmu-miR-200a-3p	8	5	7	11	15	6	9	0	12	7
mmu-miR-3068-3p	176	142	99	112	141	143	179	200	335	130
mmu-miR-101a-3p	26857	12780	15528	12782	16460	15681	18632	15220	23565	13150
mmu-miR-148b-3p	4082	3525	2998	2090	2959	4390	4314	3917	6247	3042
mmu-miR-187-3p	127	104	128	75	120	41	132	127	127	74
mmu-miR-222-3p	927	1077	1065	792	876	1522	1757	2749	2957	1457
mmu-miR-511-3p	64	51	43	33	51	36	60	59	102	32
mmu-miR-500-3p	36	28	32	23	49	32	52	67	81	49
mmu-miR-505-3p	14	15	10	15	0	0	17	16	16	11
mmu-miR-409-3p	49	83	82	32	54	101	77	127	177	78
mmu-miR-30e-3p	13317	11582	11106	7552	9330	8618	10227	6803	8557	8450
mmu-miR-345-3p	422	358	306	223	317	242	371	332	551	299
mmu-miR-20a-3p	12	8	14	15	13	5	7	11	9	11
mmu-miR-203-3p	765	462	447	315	503	691	601	481	717	483
mmu-miR-218-1-3p	22	6	16	12	35	20	33	15	19	8
mmu-miR-184-3p	20	31	28	27	37	57	48	62	131	26
mmu-miR-126a-3p	70717	42742	47898	32898	42903	32164	53105	44467	81111	44330
mmu-miR-872-3p	218	219	148	130	202	70	335	308	435	226
mmu-miR-485-3p	10	8	13	11	15	16	14	25	22	10
mmu-miR-376b-3p	10	0	12	11	0	7	17	19	24	15
mmu-miR-17-3p	81	50	49	41	54	22	87	70	81	50
mmu-miR-652-3p	870	969	650	448	752	784	1298	1131	1366	1023
mmu-miR-450b-3p	0	15	15	9	14	11	18	11	20	11
mmu-miR-34c-3p	29	22	24	0	34	33	37	49	48	32
mmu-miR-455-3p	93	66	42	34	57	230	134	486	884	466
mmu-miR-27a-3p	24749	17600	16814	11805	17682	17418	27720	29961	44238	20788
mmu-miR-700-3p	27	46	27	20	32	35	43	32	74	34
mmu-miR-181a-1-3p	4347	4595	3944	2599	3826	3379	4237	3154	3669	2951
mmu-miR-100-3p	15	16	17	8	12	17	20	19	13	14
mmu-miR-350-3p	64	48	39	45	56	45	82	71	104	50
mmu-miR-877-3p	27	41	41	0	0	25	48	40	36	29
mmu-miR-214-3p	381	373	286	279	452	788	1731	2202	2569	1220
mmu-miR-301b-3p	18	8	0	9	0	13	14	18	11	8
mmu-miR-674-3p	445	475	426	271	535	311	786	741	801	534
mmu-let-7c-1-3p	96	55	82	83	75	46	87	102	128	75
mmu-miR-99a-3p	127	105	95	67	95	196	208	260	217	169
mmu-miR-30b-3p	121	103	80	47	88	85	101	70	86	76
mmu-miR-212-3p	285	315	273	205	444	284	376	403	777	221
mmu-miR-32-3p	11	13	13	0	10	7	18	15	6	12
mmu-miR-221-3p	2790	3110	2184	1747	1987	4527	4816	5068	5682	3568
mmu-miR-503-3p	82	84	62	49	65	48	77	86	96	59
mmu-let-7b-3p	875	952	893	554	704	555	1115	906	1026	834
mmu-miR-99b-3p	74	89	79	68	106	91	117	158	161	75
mmu-miR-30c-1-3p	678	579	626	426	499	309	541	428	419	392
mmu-miR-30d-3p	922	688	689	440	670	500	783	695	930	589
mmu-miR-543-3p	6	8	12	0	0	10	12	11	22	0
mmu-miR-1198-3p	0	21	16	19	24	0	0	13	18	0
mmu-miR-3098-3p	22	24	29	20	40	18	18	24	18	12
mmu-miR-335-3p	345	552	342	210	598	604	448	486	990	346
mmu-miR-487b-3p	8	0	8	0	23	7	13	27	17	11
mmu-miR-598-3p	19	22	13	28	15	26	20	26	38	26
mmu-miR-93-3p	36	32	37	26	50	21	68	51	51	42
mmu-miR-378a-3p	302604	274945	260392	170205	227164	206245	292244	201795	245493	202568
mmu-miR-151-3p	29127	30942	26144	16524	23404	38191	37004	29995	39539	27476
mmu-miR-185-3p	80	62	62	63	59	77	88	69	66	58
mmu-miR-195a-3p	248	222	239	179	212	383	491	460	523	338
mmu-miR-376c-3p	14	10	9	10	14	15	17	20	28	19
mmu-miR-219a-1-3p	46	39	43	29	37	26	53	29	27	42
mmu-miR-34b-3p	20	21	18	24	29	30	46	92	83	42
mmu-miR-338-3p	586	388	529	391	412	263	400	331	359	291
mmu-miR-496a-3p	8	0	0	0	0	10	0	16	20	9
mmu-miR-140-3p	4843	3782	3465	2239	3716	8851	8703	11754	12126	8267
mmu-miR-3061-3p	76	47	48	39	45	70	80	72	103	41
mmu-miR-676-3p	565	662	643	469	654	690	1124	988	764	703
mmu-miR-181c-3p	870	662	504	363	682	730	850	679	985	520
mmu-miR-379-3p	24	16	19	18	17	18	31	49	46	25
mmu-miR-190a-3p	12	10	5	10	11	0	10	15	22	6
mmu-miR-153-3p	68	59	74	67	128	57	81	83	105	58
mmu-miR-540-3p	35	35	29	35	45	35	38	47	53	43
mmu-miR-483-3p	44	69	38	0	66	36	0	51	36	27
mmu-let-7g-3p	77	69	56	59	67	39	64	78	71	67
mmu-miR-152-3p	1593	1194	1104	787	1087	1401	1627	1629	2626	1273
mmu-miR-200b-3p	0	12	16	13	0	8	11	26	17	16
mmu-miR-215-3p	25	9	15	14	0	14	16	21	17	14
mmu-miR-300-3p	129	143	129	81	123	227	277	364	446	233
mmu-miR-673-3p	39	25	24	0	60	34	54	47	48	25
mmu-miR-666-3p	8	14	0	16	15	10	16	20	22	11
mmu-let-7d-3p	4554	4608	4945	3280	3924	2330	5129	3974	4809	4257
mmu-miR-19a-3p	103	50	48	60	67	61	64	60	143	52
mmu-miR-381-3p	153	114	140	85	120	180	207	196	268	215
mmu-miR-101b-3p	2823	1764	1611	1417	1649	2470	2471	2227	3996	1752
mmu-miR-363-3p	0	13	12	8	0	5	12	9	17	0
mmu-miR-322-3p	1075	732	772	529	732	744	1025	1055	1585	722
mmu-miR-107-3p	3148	2961	2572	1623	2331	3008	3767	2986	3962	2532
mmu-miR-542-3p	100	54	69	48	88	135	93	70	207	51
mmu-miR-223-3p	529	732	443	327	576	432	699	831	982	683
mmu-miR-29c-3p	5599	3366	3950	3086	3828	1774	3942	2826	4046	3007
mmu-miR-3109-3p	13	14	0	17	21	14	17	20	33	17
mmu-miR-139-3p	101	84	76	52	60	44	82	67	48	47
mmu-miR-3065-3p	105	121	123	149	207	153	311	192	114	75
mmu-miR-329-3p	0	90	0	0	49	94	74	76	83	31
mmu-miR-106b-3p	258	237	218	194	234	239	341	258	305	191
mmu-miR-299a-3p	20	16	0	0	15	25	21	20	19	16
mmu-miR-10b-3p	0	0	12	13	12	12	11	21	13	6
mmu-miR-7a-1-3p	46	35	34	33	56	32	67	37	67	34
mmu-miR-421-3p	262	225	226	157	223	272	319	371	471	243
mmu-miR-28a-3p	622	634	573	358	548	717	875	759	987	648
mmu-miR-26b-3p	204	193	209	148	160	54	243	172	163	151
mmu-miR-433-3p	22	23	20	29	42	41	48	56	45	20
mmu-miR-574-3p	555	524	467	339	452	542	1181	1295	1306	941
mmu-miR-191-3p	136	109	104	82	88	74	142	136	143	99
mmu-miR-324-3p	66	72	67	48	69	45	96	91	100	66
mmu-miR-133b-3p	21219	18847	17012	11229	15003	8578	21745	14754	17688	9211
mmu-let-7f-1-3p	274	219	237	148	202	132	235	189	279	198
mmu-miR-30a-3p	8839	8127	7828	4756	6224	6253	7915	5692	7108	5726
mmu-miR-30c-2-3p	1063	1037	1184	687	832	677	1034	730	732	686
mmu-miR-127-3p	5790	6207	5198	3335	5466	15258	13627	16776	19882	10956
mmu-miR-125b-2-3p	2835	2124	2286	1335	2065	2482	3284	3455	4402	2473
mmu-miR-208b-3p	1060	746	564	601	848	15264	10492	22439	34711	8218
mmu-miR-410-3p	136	118	93	93	117	260	170	306	480	137
mmu-miR-744-3p	97	65	59	52	75	34	77	69	93	79
mmu-miR-210-3p	559	606	443	281	454	672	739	1178	1710	521
mmu-miR-532-3p	44	60	52	34	65	20	75	79	69	62
mmu-miR-874-3p	181	140	161	94	118	54	160	102	111	89
mmu-miR-129-2-3p	41	0	44	0	0	0	37	39	25	30
mmu-miR-125a-3p	66	72	65	45	81	64	104	82	75	58
mmu-miR-132-3p	1699	1608	1146	907	1123	1828	1971	2658	4547	1158
mmu-miR-1933-3p	28	18	12	14	25	43	25	34	58	22
mmu-miR-326-3p	124	132	106	83	121	69	201	234	241	128
mmu-miR-337-3p	15	13	12	0	22	11	15	16	20	12
mmu-miR-499-3p	113	48	60	68	92	37	89	65	70	59
mmu-miR-92b-3p	312	339	296	222	290	560	758	762	706	612
mmu-miR-15b-3p	70	60	38	40	61	66	70	93	146	82
mmu-miR-18a-3p	13	18	28	21	0	17	15	15	29	14
mmu-miR-136-3p	53	34	30	31	35	65	75	105	149	46
mmu-miR-298-5p	71	63	64	44	58	154	159	198	259	81
mmu-miR-193b-5p	0	11	12	12	13	0	15	18	0	11
mmu-miR-186-5p	13094	10290	9562	6792	9130	8948	13588	11280	16521	10115
mmu-miR-342-5p	20	25	12	16	36	15	23	28	34	13
mmu-miR-582-5p	31	29	24	23	237	29	41	58	70	24
mmu-let-7i-5p	21620	20311	18477	12061	16372	25002	26755	28043	37775	19578
mmu-miR-340-5p	1365	756	821	579	843	1335	1090	1275	2372	836
mmu-miR-470-5p	30	19	22	13	31	20	29	20	28	18
mmu-miR-142a-5p	1953	907	894	1317	1208	1087	1246	1846	3862	1142
mmu-miR-361-5p	824	685	572	400	532	737	970	901	1123	643
mmu-miR-149-5p	12472	13274	12265	8516	10300	2590	16596	8921	7989	10921
mmu-miR-193a-5p	14	0	11	9	16	8	13	22	18	11
mmu-miR-148a-5p	247	174	154	99	150	232	223	262	349	185
mmu-miR-21a-5p	16020	15751	12473	9814	14717	44628	39963	67466	137223	29524
mmu-miR-423-5p	1913	2123	2620	1921	1817	1114	2865	2262	2147	1847
mmu-miR-224-5p	74	87	78	39	77	105	251	309	339	141
mmu-miR-1247-5p	127	112	133	97	93	403	676	774	1379	420
mmu-miR-25-5p	29	19	17	14	34	15	43	31	31	16
mmu-let-7e-5p	1812	1763	1725	954	1729	2027	3024	3025	3829	1701
mmu-miR-144-5p	1034	343	634	703	581	460	393	519	1169	508
mmu-miR-339-5p	306	314	222	155	250	219	396	341	417	238
mmu-miR-369-5p	16	20	21	13	12	16	15	32	35	25
mmu-miR-486a-5p	138276	142386	118791	80834	97532	142063	148879	92363	122235	108701
mmu-miR-98-5p	2456	2077	2017	1250	1459	2886	2658	2275	3768	1750
mmu-miR-143-5p	276	198	207	139	185	151	273	212	376	263
mmu-miR-130b-5p	27	52	27	25	29	32	30	33	32	29
mmu-miR-23b-5p	0	12	8	11	0	0	12	20	16	16
mmu-miR-24-1-5p	62	41	48	30	60	51	102	91	155	67
mmu-miR-708-5p	22	0	20	0	20	20	20	13	16	13
mmu-miR-33-5p	39	33	20	39	36	26	52	56	77	32
mmu-miR-3086-5p	20	9	17	11	17	19	16	17	10	12
mmu-miR-27b-5p	304	249	374	232	262	481	569	723	859	361
mmu-miR-23a-5p	18	17	15	0	9	0	14	20	13	8
mmu-miR-351-5p	3114	3456	2757	1887	3081	3260	4735	5189	7414	3129
mmu-miR-15a-5p	2939	2229	2112	1484	2055	1517	3189	2456	3629	2281
mmu-miR-204-5p	2795	2859	2458	1642	2561	2683	3950	3733	4299	2773
mmu-miR-490-5p	32	67	32	27	51	26	37	48	45	33
mmu-miR-155-5p	761	623	586	432	512	347	695	558	779	469
mmu-miR-488-5p	21	9	10	0	19	11	14	10	14	6
mmu-miR-29a-5p	243	216	173	128	207	147	274	229	271	131
mmu-miR-130a-5p	165	119	107	0	141	0	126	151	137	76
mmu-miR-181d-5p	1828	1638	1312	895	1340	1855	2079	1753	2159	1335
mmu-miR-411-5p	1149	902	850	611	999	2374	1950	2516	3843	1569
mmu-miR-208a-5p	418	463	386	272	352	109	548	327	458	408
mmu-miR-301a-5p	17	10	0	13	15	7	14	16	20	7
mmu-miR-501-5p	0	45	0	0	0	31	49	49	39	31
mmu-miR-671-5p	72	56	67	33	75	49	95	98	154	86
mmu-miR-10a-5p	62932	24910	114944	66066	29211	52891	65171	58580	49727	8777
mmu-miR-362-5p	16	21	15	13	29	8	26	28	22	20
mmu-miR-425-5p	854	816	723	494	720	813	1102	1150	1732	798
mmu-miR-449a-5p	0	0	0	9	19	19	15	11	8	9
mmu-miR-146a-5p	2653	2484	2348	1246	2437	3497	3760	2570	3577	2680
mmu-miR-1943-5p	195	179	139	104	140	103	192	133	193	123
mmu-miR-22-5p	670	555	450	271	424	187	622	508	697	501
mmu-miR-1955-5p	27	12	0	19	28	16	21	24	26	24
mmu-miR-331-5p	40	35	33	51	60	34	43	23	31	38
mmu-miR-1934-5p	22	20	24	34	32	0	26	31	29	17
mmu-miR-330-5p	193	223	173	139	173	165	239	252	314	187
mmu-miR-31-5p	649	735	409	304	652	473	906	862	967	547
mmu-miR-145a-5p	3792	3229	2732	1346	2738	1353	4527	3643	4744	3630
mmu-miR-150-5p	8146	6141	8098	5172	6285	1576	11892	6487	5734	7459
mmu-miR-3068-5p	41	26	18	24	32	39	43	57	71	16
mmu-miR-101a-5p	180	91	118	98	136	83	186	119	130	92
mmu-miR-148b-5p	147	116	110	93	128	46	139	169	269	133
mmu-miR-196b-5p	0	22	23	0	17	11	0	22	12	0
mmu-miR-382-5p	19	14	16	16	16	24	23	20	16	8
mmu-miR-154-5p	12	15	16	8	16	24	35	37	41	34
mmu-miR-187-5p	32	16	26	0	27	0	34	32	23	0
mmu-miR-222-5p	24	40	34	26	44	56	46	72	80	39
mmu-miR-505-5p	355	255	232	195	309	154	308	455	432	253
mmu-miR-409-5p	0	11	0	0	10	0	0	16	19	8
mmu-miR-30e-5p	217057	129661	138620	101401	135763	110597	130202	95332	141520	110535
mmu-miR-345-5p	341	239	254	177	238	195	386	291	395	277
mmu-miR-190b-5p	41	21	25	22	24	23	34	17	28	20
mmu-miR-20a-5p	630	445	382	255	425	320	547	358	668	404
mmu-miR-126a-5p	213668	145177	140970	97159	126116	186699	159075	135601	270193	147469
mmu-miR-497a-5p	1594	1579	1479	1095	1671	1079	4229	4396	4344	2858
mmu-miR-872-5p	526	491	441	284	440	354	556	614	817	420
mmu-miR-485-5p	22	14	16	13	28	10	15	28	17	12
mmu-miR-376b-5p	26	20	19	21	21	12	48	42	48	26
mmu-miR-17-5p	400	317	252	186	315	229	364	380	557	269
mmu-miR-29b-1-5p	23	19	15	13	21	14	21	15	11	11
mmu-miR-450b-5p	234	130	139	97	149	134	153	152	318	122
mmu-miR-183-5p	264	309	226	208	325	205	304	328	342	184
mmu-miR-34c-5p	191	243	217	137	256	526	892	1552	2227	791
mmu-miR-455-5p	1463	626	566	1342	684	436	648	783	646	356
mmu-miR-700-5p	34	42	36	32	44	44	61	61	63	32
mmu-miR-100-5p	3972	3125	2748	1677	2605	3854	5556	4945	6076	4390
mmu-miR-350-5p	83	90	68	42	86	92	117	93	131	74
mmu-miR-877-5p	52	40	41	30	39	23	46	68	68	42
mmu-miR-214-5p	128	127	100	71	115	252	536	637	746	324
mmu-miR-674-5p	201	263	215	165	263	118	403	320	399	249
mmu-miR-99a-5p	7617	5412	5426	3333	4864	9596	8667	9378	12882	7241
mmu-miR-30b-5p	20220	12944	13905	10095	14566	4679	15025	12136	17859	11592
mmu-miR-1947-5p	98	73	80	53	85	64	102	71	82	67
mmu-miR-212-5p	68	58	32	26	73	46	83	100	219	68
mmu-miR-32-5p	151	105	97	119	95	76	126	106	160	101
mmu-miR-221-5p	50	40	33	35	29	50	63	61	100	41
mmu-miR-503-5p	0	19	0	14	0	8	17	16	20	15
mmu-let-7b-5p	12324	13264	11818	6909	9929	7979	18552	15434	17795	12520
mmu-miR-376a-5p	0	9	11	18	14	0	25	17	27	11
mmu-miR-99b-5p	12981	12702	10516	6658	11013	12388	21757	20346	26345	17739
mmu-miR-182-5p	154	136	85	77	77	194	145	149	214	106
mmu-miR-30d-5p	177183	140093	123783	80016	121042	117248	146801	112743	156159	110126
mmu-miR-1198-5p	1571	1768	1414	1222	1457	876	2104	1366	1425	891
mmu-miR-3098-5p	33	20	34	35	35	16	24	26	24	19
mmu-miR-335-5p	348	393	356	256	556	436	477	441	1309	362
mmu-miR-134-5p	28	25	39	21	36	46	58	70	90	48
mmu-miR-672-5p	20	7	9	10	21	12	23	15	11	8
mmu-miR-92a-1-5p	64	87	54	51	60	37	91	68	73	58
mmu-miR-93-5p	2933	2467	2113	1560	2314	2708	3503	2835	4177	2397
mmu-miR-378a-5p	2310	2472	1675	1012	1727	900	2300	1621	2256	2018
mmu-miR-151-5p	19860	17502	18304	10956	14365	9468	22544	18129	24132	16500
mmu-miR-1306-5p	14	32	21	16	28	15	35	27	33	22
mmu-miR-185-5p	512	408	312	214	342	195	440	320	370	321
mmu-miR-195a-5p	3102	1907	2357	1345	2063	2881	4936	5111	7117	3066
mmu-miR-34b-5p	20	13	8	11	18	32	43	85	100	42
mmu-miR-338-5p	22	24	44	20	26	20	35	17	19	16
mmu-miR-24-2-5p	3155	2190	2249	1520	2287	1455	3508	4150	6401	2643
mmu-miR-192-5p	13971	9317	11119	7282	8832	12744	10356	8165	14468	8399
mmu-miR-199b-5p	204	203	133	113	210	246	532	664	824	435
mmu-miR-140-5p	371	276	228	160	259	470	518	665	852	495
mmu-miR-3061-5p	20	19	28	16	20	17	32	17	28	15
mmu-miR-676-5p	208	152	121	107	194	243	244	222	231	174
mmu-miR-181c-5p	12238	9853	7713	4722	8457	11318	13821	11331	17486	8428
mmu-miR-379-5p	112	59	62	30	70	146	154	155	247	112
mmu-miR-190a-5p	270	195	195	124	201	150	341	225	362	200
mmu-miR-540-5p	49	22	37	0	47	29	35	53	25	33
mmu-miR-146b-5p	526	431	371	186	336	2047	694	1113	2672	676
mmu-let-7g-5p	26838	22112	21487	14137	17639	17602	24779	20455	29401	18209
mmu-miR-152-5p	381	284	232	139	276	444	472	454	681	337
mmu-miR-673-5p	70	63	51	70	94	102	114	135	134	100
mmu-miR-215-5p	775	332	589	548	343	987	681	663	883	491
mmu-miR-296-5p	26	23	21	22	23	27	43	40	38	18
mmu-miR-666-5p	18	21	20	21	25	19	35	37	32	24
mmu-miR-504-5p	134	183	97	96	120	69	188	133	194	97
mmu-let-7d-5p	13828	12961	14405	8440	10015	5522	15201	11684	13675	9652
mmu-miR-201-5p	53	38	28	28	41	37	44	45	72	39
mmu-miR-322-5p	6934	5388	4699	3195	4723	4653	7798	6733	10939	5324
mmu-miR-542-5p	35	33	32	23	23	28	43	39	48	28
mmu-miR-223-5p	21	38	9	18	34	21	0	42	37	17
mmu-miR-29c-5p	96	90	80	37	69	39	78	74	88	61
mmu-miR-139-5p	894	975	742	487	685	364	1072	606	904	714
mmu-miR-128-1-5p	58	53	33	28	52	44	52	41	43	36
mmu-miR-329-5p	36	16	26	23	34	28	41	54	54	28
mmu-miR-106b-5p	423	243	260	206	289	196	392	306	573	248
mmu-miR-299a-5p	12	7	0	0	0	12	13	17	19	6
mmu-miR-10b-5p	34592	12003	60126	20761	12408	71590	46007	76292	59906	23519
mmu-miR-29b-2-5p	22	30	21	23	25	15	29	12	32	18
mmu-miR-34a-5p	1356	1079	854	514	674	744	1441	916	1359	1056
mmu-miR-541-5p	408	454	435	295	427	781	892	1083	1300	661
mmu-miR-28a-5p	1362	1131	1295	804	1182	708	1831	1681	2027	1325
mmu-miR-26b-5p	31918	23667	20528	13320	18697	25013	25300	19984	30182	20354
mmu-miR-574-5p	74	71	61	47	80	81	161	137	152	104
mmu-miR-191-5p	50372	53008	43404	25692	38531	69411	66429	66290	90945	51868
mmu-miR-324-5p	110	117	66	45	64	111	177	176	190	82
mmu-miR-30a-5p	331220	201498	209036	141931	200522	238632	216658	182710	275457	182726
mmu-miR-1a-2-5p	8	12	4	5	9	5	0	8	6	3
mmu-miR-127-5p	60	43	55	41	56	60	62	85	94	51
mmu-miR-374b-5p	180	85	84	74	87	85	97	96	135	94
mmu-miR-3057-5p	177	174	189	133	137	164	188	148	149	124
mmu-miR-744-5p	1213	1590	1356	994	1180	866	1656	1564	1899	1144
mmu-miR-210-5p	101	106	105	71	100	91	146	230	275	94
mmu-miR-532-5p	947	925	688	450	773	1363	1431	1191	1743	1051
mmu-miR-874-5p	47	39	51	26	43	21	46	30	43	28
mmu-miR-1a-1-5p	58	42	28	21	36	33	59	38	59	32
mmu-miR-125a-5p	30455	28731	25876	16835	24808	19356	44706	39844	46543	34751
mmu-miR-132-5p	80	79	53	51	93	57	63	110	198	55
mmu-miR-431-5p	58	58	51	45	85	118	122	173	209	91
mmu-miR-337-5p	47	44	31	21	45	36	74	75	110	53
mmu-miR-188-5p	26	30	21	17	30	20	41	37	26	26
mmu-miR-499-5p	7998	5010	5442	3625	4439	2023	5298	2896	4457	4700
mmu-miR-27a-5p	90	117	78	39	71	59	79	128	92	66
mmu-miR-15b-5p	412	392	298	222	344	227	555	553	748	390
mmu-miR-18a-5p	56	37	33	33	37	29	47	41	71	40
mmu-miR-136-5p	160	97	113	81	113	165	251	324	282	215
mmu-miR-451a	6122	1830	2999	3349	3259	1770	2520	3485	7764	3025
mmu-miR-1960	60	62	48	39	65	32	43	45	43	27
mmu-let-7a-1-3p/mmu-let-7c-2-3p	1178	792	923	677	949	681	964	947	1270	854
mmu-miR-466a-3p/mmu-miR-466e-3p	5	7	3	7	6	0	3	6	8	6
mmu-miR-199a-3p/mmu-miR-199b-3p	13606	10818	9993	7020	11238	32570	37683	43228	57321	24609
mmu-miR-669a-3p/mmu-miR-669o-3p	13	14	7	8	14	0	7	10	13	10
mmu-miR-669a-5p/mmu-miR-669p-5p	24	31	24	22	16	17	19	13	22	18