miRNA	165_sham 1_R1.fastq	175_sham 2_R1.fastq	189_sham 3_R1.fastq	606_sham 4_R1.fastq	608_sham 5_R1.fastq	156_TAC 1_R1.fastq	157_TAC 2_R1.fastq	541_TAC 3_R1.fastq	612_TAC 4_R1.fastq	631_TAC 5_R1.fastq	533_TAC+PDE5AI 1_R1.fastq	536_TAC+PDE5AI 2_R1.fastq	627_TAC+PDE5AI 3_R1.fastq	647_TAC+PDE5AI 4_R1.fastq	697_TAC+PDE5AI 5_R1.fastq	151_TAC+PDE9AI 1_R1.fastq	528_TAC+PDE9AI 2_R1.fastq	529_TAC+PDE9AI 3_R1.fastq	531_TAC+PDE9AI 4_R1.fastq	542_TAC+PDE9AI 5_R1.fastq	676_TAC+PDE9AI 6_R1.fastq
mmu-let-7a-1-3p/mmu-let-7c-2-3p	1178	792	923	677	949	681	964	947	1270	854	66	79	0	6	0	786	958	699	1135	16	663
mmu-let-7a-2-3p	10	10	0	18	0	10	19	13	14	15	0	18	0	0	0	18	11	11	11	7	0
mmu-let-7a-5p	43494	42016	38267	22298	30483	30726	47358	38123	49111	31336	30296	28181	15195	13025	11182	47502	32556	41377	58401	14375	30501
mmu-let-7b-3p	875	952	893	554	704	555	1115	906	1026	834	522	589	328	342	258	846	686	904	1034	233	577
mmu-let-7b-5p	12324	13264	11818	6909	9929	7979	18552	15434	17795	12520	13566	8841	9313	9428	10492	16613	9960	16108	21917	8469	8606
mmu-let-7c-1-3p	96	55	82	83	75	46	87	102	128	75	10	30	5	0	0	96	93	77	79	0	64
mmu-let-7c-5p	36767	39811	35216	19438	28891	35308	58360	52825	59875	38100	40312	32156	25038	25527	25105	55033	31490	52901	75830	23662	27361
mmu-let-7d-3p	4554	4608	4945	3280	3924	2330	5129	3974	4809	4257	3829	4227	2738	2899	2299	4034	4009	4357	4586	2193	3301
mmu-let-7d-5p	13828	12961	14405	8440	10015	5522	15201	11684	13675	9652	10050	9276	4568	4210	3403	14811	10049	12752	15065	5089	10447
mmu-let-7e-3p	58	86	70	55	72	61	105	103	125	78	55	82	46	45	48	100	74	109	123	35	68
mmu-let-7e-5p	1812	1763	1725	954	1729	2027	3024	3025	3829	1701	2612	788	1346	1524	1246	2947	1985	2678	4519	1468	1466
mmu-let-7f-1-3p	274	219	237	148	202	132	235	189	279	198	0	91	0	0	0	215	249	200	244	0	184
mmu-let-7f-2-3p	551	345	337	0	340	334	402	458	523	0	0	0	0	0	0	378	0	290	374	0	242
mmu-let-7f-5p	136134	102380	117605	70703	82447	96957	106031	86805	139991	80338	36497	46764	3863	2525	1317	115739	102223	87967	149731	6353	92597
mmu-let-7g-3p	77	69	56	59	67	39	64	78	71	67	37	54	0	12	9	73	62	68	70	15	50
mmu-let-7g-5p	26838	22112	21487	14137	17639	17602	24779	20455	29401	18209	9767	12431	1605	1159	783	25580	21066	20651	34416	2172	19730
mmu-let-7i-3p	155	148	123	81	115	99	195	163	191	166	96	108	54	40	33	175	131	166	206	33	100
mmu-let-7i-5p	21620	20311	18477	12061	16372	25002	26755	28043	37775	19578	12590	13883	3680	3332	1862	28198	20362	29092	46354	4236	16898
mmu-let-7j	0	32	0	0	36	21	20	26	28	29	0	14	0	0	0	0	20	34	35	5	23
mmu-miR-100-3p	15	16	17	8	12	17	20	19	13	14	4	13	0	0	0	12	11	13	23	0	14
mmu-miR-100-5p	3972	3125	2748	1677	2605	3854	5556	4945	6076	4390	3295	3242	921	719	339	6455	3624	5809	8599	702	3188
mmu-miR-101a-3p	26857	12780	15528	12782	16460	15681	18632	15220	23565	13150	842	1198	51	0	90	18445	16841	7004	28376	131	13633
mmu-miR-101a-5p	180	91	118	98	136	83	186	119	130	92	19	44	0	0	0	103	104	73	143	9	82
mmu-miR-101b-3p	2823	1764	1611	1417	1649	2470	2471	2227	3996	1752	187	428	14	17	12	2199	2585	1563	3443	23	1672
mmu-miR-101c	9834	4331	5439	4597	6101	5706	7064	5170	8487	4556	0	0	0	0	0	6878	6416	2639	9676	0	5330
mmu-miR-103-3p	3600	3283	2905	1920	2768	4556	5319	4808	6465	3497	3265	3320	1314	1304	790	4970	3627	4723	7297	1323	2654
mmu-miR-106b-3p	258	237	218	194	234	239	341	258	305	191	206	238	148	179	128	261	243	342	368	135	205
mmu-miR-106b-5p	423	243	260	206	289	196	392	306	573	248	81	145	11	13	8	302	438	280	511	8	281
mmu-miR-107-3p	3148	2961	2572	1623	2331	3008	3767	2986	3962	2532	2090	2456	798	724	375	3669	2749	2949	4259	878	2248
mmu-miR-10a-3p	48	19	67	51	22	37	48	44	37	5	30	22	3	0	3	69	15	36	54	0	0
mmu-miR-10a-5p	62932	24910	114944	66066	29211	52891	65171	58580	49727	8777	32743	50125	1932	1964	2037	117360	11098	33662	88035	7915	12273
mmu-miR-10b-3p	0	0	12	13	12	12	11	21	13	6	10	13	0	0	0	27	6	0	22	0	0
mmu-miR-10b-5p	34592	12003	60126	20761	12408	71590	46007	76292	59906	23519	27116	14956	1711	1928	1008	107356	10534	21550	87880	6020	7411
mmu-miR-1191a	40	39	0	24	25	22	34	37	53	24	0	24	0	0	0	41	35	45	40	0	38
mmu-miR-1191b-5p	61	37	47	37	53	61	58	58	62	55	17	54	8	0	9	58	50	48	65	11	65
mmu-miR-1195	55	48	44	59	108	50	61	59	46	39	31	190	21	22	23	120	38	56	54	23	84
mmu-miR-1198-3p	0	21	16	19	24	0	0	13	18	0	10	19	0	0	0	33	0	17	0	0	25
mmu-miR-1198-5p	1571	1768	1414	1222	1457	876	2104	1366	1425	891	1320	1430	590	507	504	1471	1160	1071	1338	703	1174
mmu-miR-1199-5p	59	52	30	23	57	17	63	48	37	39	37	84	23	25	0	57	40	56	39	22	41
mmu-miR-1231-3p	8	12	0	0	0	19	19	18	11	0	9	24	0	6	11	23	15	0	25	0	0
mmu-miR-1247-3p	0	23	0	0	0	27	0	49	52	22	25	76	13	11	18	46	16	27	42	0	0
mmu-miR-1247-5p	127	112	133	97	93	403	676	774	1379	420	286	219	351	448	516	349	215	621	778	176	96
mmu-miR-1249-3p	261	264	239	148	214	176	360	256	336	263	243	220	188	175	192	309	181	334	389	175	193
mmu-miR-125a-3p	66	72	65	45	81	64	104	82	75	58	74	68	42	39	38	90	54	78	94	27	49
mmu-miR-125a-5p	30455	28731	25876	16835	24808	19356	44706	39844	46543	34751	39951	34750	26915	24561	23371	46725	31080	44135	62166	18536	27398
mmu-miR-125b-1-3p	184	269	189	148	270	308	448	704	640	337	347	276	226	269	254	502	273	654	860	194	197
mmu-miR-125b-2-3p	2835	2124	2286	1335	2065	2482	3284	3455	4402	2473	1373	1620	388	312	221	2881	2476	2986	4030	417	1725
mmu-miR-125b-5p	26443	22993	21220	13399	19850	16030	40125	36072	40398	28412	29311	23120	14202	12823	11308	44090	22016	34668	60594	10613	20207
mmu-miR-126a-3p	70717	42742	47898	32898	42903	32164	53105	44467	81111	44330	22520	34624	2429	1209	598	53165	63901	44809	50711	3450	48514
mmu-miR-126a-5p	213668	145177	140970	97159	126116	186699	159075	135601	270193	147469	15282	35497	907	705	741	135420	183581	117647	149332	1570	122973
mmu-miR-126b-3p	3415	2336	2236	1569	1983	3057	2601	2189	4228	1073	130	268	0	0	0	1003	1365	884	1116	0	915
mmu-miR-126b-5p	539	308	356	302	335	218	414	268	639	204	97	135	10	8	0	219	317	175	262	16	216
mmu-miR-127-3p	5790	6207	5198	3335	5466	15258	13627	16776	19882	10956	11737	7557	5029	6651	5773	12858	5578	15334	24532	4195	4439
mmu-miR-127-5p	60	43	55	41	56	60	62	85	94	51	39	56	0	11	13	65	36	85	100	23	59
mmu-miR-128-1-5p	58	53	33	28	52	44	52	41	43	36	33	38	24	25	20	52	30	56	48	35	40
mmu-miR-128-3p	2989	3314	2465	1773	2341	1874	3057	2462	2986	2095	1697	2119	535	399	211	2313	2637	2646	2436	602	2644
mmu-miR-129-2-3p	41	0	44	0	0	0	37	39	25	30	30	54	0	0	0	36	0	34	36	0	38
mmu-miR-129-5p	14	11	0	0	19	21	13	25	19	16	11	17	7	0	12	42	11	17	33	5	14
mmu-miR-1306-5p	14	32	21	16	28	15	35	27	33	22	26	29	20	25	19	21	22	36	31	16	21
mmu-miR-130a-3p	4621	3791	3231	2101	3215	3121	4630	4760	6811	3592	2683	2932	731	607	270	5234	4155	4794	5752	847	3228
mmu-miR-130a-5p	165	119	107	0	141	0	126	151	137	76	0	0	0	0	0	137	0	184	117	0	0
mmu-miR-130b-3p	54	122	65	37	51	51	72	95	118	57	52	74	15	17	10	81	89	87	150	14	67
mmu-miR-130b-5p	27	52	27	25	29	32	30	33	32	29	19	21	10	8	5	42	30	31	37	9	14
mmu-miR-132-3p	1699	1608	1146	907	1123	1828	1971	2658	4547	1158	1597	1147	842	950	608	2337	1536	3442	2220	871	1742
mmu-miR-132-5p	80	79	53	51	93	57	63	110	198	55	53	110	17	18	10	102	77	105	127	16	59
mmu-miR-133a-3p	961025	868905	782712	518470	687531	367568	1006201	677236	781764	732251	508729	622390	370983	286299	260997	777300	698024	709883	609797	312305	646804
mmu-miR-133a-5p	3423	2295	2377	1634	2134	762	2328	1668	2320	1732	917	1254	269	205	122	2128	2316	1536	1878	285	2167
mmu-miR-133b-3p	21219	18847	17012	11229	15003	8578	21745	14754	17688	9211	6453	8757	4943	3695	3345	9532	8926	9385	7807	3674	7906
mmu-miR-134-5p	28	25	39	21	36	46	58	70	90	48	46	34	9	19	19	57	18	60	112	7	26
mmu-miR-135a-5p	124	70	59	62	74	27	62	52	65	51	6	14	0	0	0	78	75	34	40	0	63
mmu-miR-136-3p	53	34	30	31	35	65	75	105	149	46	8	9	0	0	0	67	40	42	142	0	33
mmu-miR-136-5p	160	97	113	81	113	165	251	324	282	215	9	16	2	0	0	223	100	119	396	0	85
mmu-miR-138-5p	76	62	98	85	85	41	113	108	127	73	61	99	37	49	38	118	103	133	110	32	82
mmu-miR-139-3p	101	84	76	52	60	44	82	67	48	47	48	64	26	40	45	71	54	70	51	51	92
mmu-miR-139-5p	894	975	742	487	685	364	1072	606	904	714	565	785	346	288	270	764	655	719	767	245	539
mmu-miR-140-3p	4843	3782	3465	2239	3716	8851	8703	11754	12126	8267	4984	4329	2456	4313	2834	12197	4463	9901	17423	2155	2972
mmu-miR-140-5p	371	276	228	160	259	470	518	665	852	495	147	176	15	18	24	733	386	519	895	20	250
mmu-miR-141-3p	97	59	60	50	97	42	74	52	88	55	15	45	0	0	0	62	88	47	104	0	43
mmu-miR-142a-3p	4058	3656	2923	2639	2906	3673	3712	4254	9303	3301	518	1054	21	0	19	5246	4932	3929	10458	57	2583
mmu-miR-142a-5p	1953	907	894	1317	1208	1087	1246	1846	3862	1142	56	68	10	5	19	1179	2031	809	2936	17	758
mmu-miR-143-3p	682541	393764	427740	270656	420238	728890	538258	485697	800463	464580	103401	189739	10680	8238	5566	660066	517869	386872	769768	17463	394812
mmu-miR-143-5p	276	198	207	139	185	151	273	212	376	263	132	174	50	74	46	339	236	269	369	74	225
mmu-miR-144-3p	1221	338	655	1171	706	263	396	871	983	689	11	19	5	2	5	132	971	235	331	6	339
mmu-miR-144-5p	1034	343	634	703	581	460	393	519	1169	508	54	132	6	7	3	227	966	469	521	16	574
mmu-miR-145a-3p	3553	2129	2372	1704	2528	1267	2506	2029	2961	2210	304	680	20	9	12	2799	2800	1814	3402	38	2381
mmu-miR-145a-5p	3792	3229	2732	1346	2738	1353	4527	3643	4744	3630	2743	3396	1482	1325	908	5491	2710	3843	6358	1071	2342
mmu-miR-146a-5p	2653	2484	2348	1246	2437	3497	3760	2570	3577	2680	1935	2439	487	234	132	3888	3530	3074	6237	470	1553
mmu-miR-146b-5p	526	431	371	186	336	2047	694	1113	2672	676	332	350	62	43	17	1083	619	1042	1586	50	254
mmu-miR-147-3p	75	29	31	43	38	33	42	80	92	28	8	8	0	0	0	45	32	45	58	0	51
mmu-miR-148a-3p	58758	35403	37287	24062	28643	66179	42168	41374	68245	39741	5032	9325	980	920	1203	51474	44770	37028	74704	1034	32120
mmu-miR-148a-5p	247	174	154	99	150	232	223	262	349	185	63	121	30	20	6	253	189	204	319	23	159
mmu-miR-148b-3p	4082	3525	2998	2090	2959	4390	4314	3917	6247	3042	1633	1893	1027	1066	781	3707	3897	3936	4266	572	2744
mmu-miR-148b-5p	147	116	110	93	128	46	139	169	269	133	31	64	16	11	8	157	147	150	165	11	124
mmu-miR-149-5p	12472	13274	12265	8516	10300	2590	16596	8921	7989	10921	8845	9700	6015	5065	4432	13335	9596	10357	11792	6383	10232
mmu-miR-150-3p	39	40	33	30	37	28	55	28	33	27	25	29	18	21	16	30	27	40	22	28	37
mmu-miR-150-5p	8146	6141	8098	5172	6285	1576	11892	6487	5734	7459	6318	7986	4124	3396	3869	8507	5705	5705	5918	4630	6909
mmu-miR-151-3p	29127	30942	26144	16524	23404	38191	37004	29995	39539	27476	23940	26625	17323	16217	12523	26155	25708	35727	36677	13964	19507
mmu-miR-151-5p	19860	17502	18304	10956	14365	9468	22544	18129	24132	16500	15635	16400	8026	7375	7457	17108	17875	19690	18120	8198	13818
mmu-miR-152-3p	1593	1194	1104	787	1087	1401	1627	1629	2626	1273	586	733	77	53	0	2057	1365	1744	2809	80	1145
mmu-miR-152-5p	381	284	232	139	276	444	472	454	681	337	118	182	52	46	27	413	320	465	545	50	248
mmu-miR-153-3p	68	59	74	67	128	57	81	83	105	58	6	0	0	0	0	95	75	43	82	0	68
mmu-miR-154-5p	12	15	16	8	16	24	35	37	41	34	16	21	0	8	2	33	18	44	38	0	11
mmu-miR-155-5p	761	623	586	432	512	347	695	558	779	469	431	466	176	154	112	730	557	570	756	181	470
mmu-miR-15a-3p	33	10	16	15	16	20	24	34	24	18	0	14	6	0	0	14	20	24	28	0	19
mmu-miR-15a-5p	2939	2229	2112	1484	2055	1517	3189	2456	3629	2281	517	1144	60	34	33	2806	2685	2158	3576	89	1790
mmu-miR-15b-3p	70	60	38	40	61	66	70	93	146	82	8	25	0	0	0	74	82	80	137	0	40
mmu-miR-15b-5p	412	392	298	222	344	227	555	553	748	390	357	389	288	342	256	494	436	617	787	166	272
mmu-miR-16-1-3p	41	35	36	32	45	21	44	58	40	26	0	16	0	0	0	39	36	46	53	0	24
mmu-miR-16-2-3p	60	34	28	38	39	44	45	51	89	56	16	27	0	0	4	59	68	56	85	0	40
mmu-miR-16-5p	43591	29063	29833	21364	29968	33665	44763	39509	63341	32182	18327	25310	1961	1232	719	48681	41540	42115	62548	2678	28499
mmu-miR-17-3p	81	50	49	41	54	22	87	70	81	50	48	64	34	22	25	82	66	73	106	21	55
mmu-miR-17-5p	400	317	252	186	315	229	364	380	557	269	169	299	31	15	10	379	334	387	533	38	276
mmu-miR-181a-1-3p	4347	4595	3944	2599	3826	3379	4237	3154	3669	2951	2632	2437	1170	1154	973	3170	2942	3031	3815	1506	3216
mmu-miR-181a-5p	95296	101523	79665	45462	83240	109092	132132	100335	125984	82557	78590	78230	45242	49141	36409	107624	85309	93487	155835	38021	67421
mmu-miR-181b-5p	6399	6785	5644	3701	5896	5824	7989	6307	7218	5500	5333	4431	2173	2310	1779	6644	4995	6084	10435	2634	4909
mmu-miR-181c-3p	870	662	504	363	682	730	850	679	985	520	279	419	136	110	77	529	625	630	847	125	495
mmu-miR-181c-5p	12238	9853	7713	4722	8457	11318	13821	11331	17486	8428	5792	7600	2323	2030	1362	12408	9847	8826	18035	1861	7942
mmu-miR-181d-5p	1828	1638	1312	895	1340	1855	2079	1753	2159	1335	1156	1230	439	456	237	1580	1352	1736	2668	465	1193
mmu-miR-182-5p	154	136	85	77	77	194	145	149	214	106	61	51	17	8	8	214	136	218	385	17	95
mmu-miR-183-5p	264	309	226	208	325	205	304	328	342	184	190	119	0	0	0	324	257	290	297	74	275
mmu-miR-1839-3p	69	40	28	18	43	45	64	72	84	39	8	20	0	0	0	66	43	68	73	0	33
mmu-miR-1839-5p	532	477	504	373	449	618	687	702	982	474	353	359	86	67	43	763	534	684	1036	86	418
mmu-miR-184-3p	20	31	28	27	37	57	48	62	131	26	43	20	32	25	9	65	26	86	42	10	23
mmu-miR-1843a-3p	97	95	86	81	88	104	160	113	129	100	85	106	60	67	50	129	109	117	148	69	81
mmu-miR-1843a-5p	957	776	756	512	713	1013	1163	1100	1289	842	533	670	165	146	81	1001	867	1010	1175	235	582
mmu-miR-1843b-5p	380	335	297	219	312	531	574	527	632	403	231	294	73	68	33	503	365	518	630	101	275
mmu-miR-185-3p	80	62	62	63	59	77	88	69	66	58	44	81	21	23	27	65	70	63	66	38	78
mmu-miR-185-5p	512	408	312	214	342	195	440	320	370	321	171	267	47	39	30	353	318	352	469	64	266
mmu-miR-186-3p	20	0	15	17	13	11	16	10	22	9	11	14	0	0	0	17	15	14	11	0	16
mmu-miR-186-5p	13094	10290	9562	6792	9130	8948	13588	11280	16521	10115	6268	8343	1570	1070	497	11890	11644	11770	14371	1804	8572
mmu-miR-187-3p	127	104	128	75	120	41	132	127	127	74	72	106	33	34	27	142	94	97	124	32	96
mmu-miR-187-5p	32	16	26	0	27	0	34	32	23	0	21	0	0	0	0	34	0	0	22	0	28
mmu-miR-188-5p	26	30	21	17	30	20	41	37	26	26	24	31	0	15	0	34	33	36	45	3	28
mmu-miR-18a-3p	13	18	28	21	0	17	15	15	29	14	13	18	9	12	0	39	16	22	26	10	19
mmu-miR-18a-5p	56	37	33	33	37	29	47	41	71	40	6	28	0	0	0	37	50	43	56	0	28
mmu-miR-190a-3p	12	10	5	10	11	0	10	15	22	6	0	0	0	0	0	6	10	7	9	0	11
mmu-miR-190a-5p	270	195	195	124	201	150	341	225	362	200	9	28	3	3	4	230	203	199	268	2	162
mmu-miR-190b-5p	41	21	25	22	24	23	34	17	28	20	9	23	0	0	0	25	11	22	32	0	24
mmu-miR-191-3p	136	109	104	82	88	74	142	136	143	99	45	91	24	13	15	108	111	124	110	18	92
mmu-miR-191-5p	50372	53008	43404	25692	38531	69411	66429	66290	90945	51868	40034	42925	18910	15559	8261	57679	46195	71117	66021	13032	32726
mmu-miR-192-5p	13971	9317	11119	7282	8832	12744	10356	8165	14468	8399	1967	4116	142	92	69	10358	10352	8166	15090	315	7867
mmu-miR-1933-3p	28	18	12	14	25	43	25	34	58	22	15	18	10	10	0	33	28	35	27	0	29
mmu-miR-1934-5p	22	20	24	34	32	0	26	31	29	17	19	30	11	10	8	38	14	34	23	8	28
mmu-miR-1938	42	0	0	20	33	39	34	0	0	0	0	31	8	0	0	31	32	40	50	0	0
mmu-miR-193a-3p	81	32	67	31	60	20	70	100	93	92	22	54	8	8	6	83	69	91	93	8	47
mmu-miR-193a-5p	14	0	11	9	16	8	13	22	18	11	11	8	13	4	8	17	15	21	15	7	11
mmu-miR-193b-3p	254	232	204	101	189	154	335	304	391	292	167	163	143	139	118	323	185	332	340	90	143
mmu-miR-193b-5p	0	11	12	12	13	0	15	18	0	11	0	0	6	5	11	0	7	11	0	0	14
mmu-miR-194-5p	844	514	674	455	576	385	656	579	834	540	195	367	19	12	13	752	663	522	850	36	566
mmu-miR-1940	31	12	27	18	26	0	23	28	27	16	11	28	11	10	10	33	24	0	23	6	22
mmu-miR-1943-3p	22	16	7	14	24	8	18	19	14	22	12	31	8	9	8	27	13	34	15	0	0
mmu-miR-1943-5p	195	179	139	104	140	103	192	133	193	123	138	133	109	51	87	167	105	177	128	74	100
mmu-miR-1947-5p	98	73	80	53	85	64	102	71	82	67	55	83	25	39	23	84	87	87	102	44	77
mmu-miR-1948-3p	37	36	20	26	39	26	30	43	46	25	11	36	6	2	6	56	20	26	42	7	20
mmu-miR-1949	18	18	14	18	25	18	23	15	12	0	9	16	0	0	0	22	17	21	23	0	20
mmu-miR-1954	22	0	20	16	0	11	0	16	0	13	13	25	0	0	0	0	9	22	10	0	0
mmu-miR-1955-5p	27	12	0	19	28	16	21	24	26	24	7	33	7	0	12	23	23	21	14	7	0
mmu-miR-195a-3p	248	222	239	179	212	383	491	460	523	338	267	273	144	151	120	450	266	471	616	157	195
mmu-miR-195a-5p	3102	1907	2357	1345	2063	2881	4936	5111	7117	3066	1207	1742	74	41	57	5839	3426	4826	9142	97	2295
mmu-miR-1960	60	62	48	39	65	32	43	45	43	27	28	47	25	13	9	47	36	34	43	26	48
mmu-miR-1964-3p	126	121	119	90	117	80	98	85	104	94	99	89	67	65	57	108	83	107	132	66	104
mmu-miR-1968-5p	26	39	23	25	26	12	25	18	13	0	9	17	3	10	0	24	0	18	18	11	24
mmu-miR-196b-5p	0	22	23	0	17	11	0	22	12	0	11	16	4	0	0	27	0	17	0	0	0
mmu-miR-1981-3p	142	99	99	71	102	90	194	140	179	122	107	106	54	52	28	117	96	144	145	37	99
mmu-miR-1981-5p	39	41	41	28	29	25	58	55	54	45	39	62	25	39	25	53	35	59	57	29	38
mmu-miR-1982-3p	45	21	0	0	39	17	29	28	25	0	10	19	3	0	4	16	0	17	21	0	28
mmu-miR-1983	97	64	62	42	51	113	216	193	247	109	110	160	51	33	16	109	201	181	137	36	103
mmu-miR-199a-3p/mmu-miR-199b-3p	13606	10818	9993	7020	11238	32570	37683	43228	57321	24609	9601	9506	1154	1080	698	47552	20084	40966	103593	1152	11329
mmu-miR-199a-5p	1161	908	804	597	1025	2561	4692	5866	7314	3023	1206	1165	252	274	239	5189	1825	4905	11113	195	962
mmu-miR-199b-5p	204	203	133	113	210	246	532	664	824	435	71	126	15	19	10	640	325	592	1015	13	172
mmu-miR-19a-3p	103	50	48	60	67	61	64	60	143	52	11	0	0	0	0	67	71	36	138	0	55
mmu-miR-19b-3p	867	470	483	376	520	705	549	572	1141	501	70	146	0	6	0	833	774	431	1210	7	520
mmu-miR-1a-1-5p	58	42	28	21	36	33	59	38	59	32	6	8	0	0	0	31	35	21	51	0	30
mmu-miR-1a-2-5p	8	12	4	5	9	5	0	8	6	3	0	0	0	0	0	0	4	6	13	0	0
mmu-miR-1a-3p	51846	31632	34129	21510	25369	24459	30694	17052	38766	25918	2668	4618	63	54	83	23333	38312	13932	25570	196	24941
mmu-miR-1b-3p	68	0	0	0	0	17	33	0	28	22	7	7	0	0	0	0	55	26	39	0	42
mmu-miR-1b-5p	1105	681	672	423	535	565	618	362	755	231	0	42	0	0	0	205	358	133	210	0	233
mmu-miR-200a-3p	8	5	7	11	15	6	9	0	12	7	0	0	0	0	0	13	9	10	20	0	0
mmu-miR-200b-3p	0	12	16	13	0	8	11	26	17	16	13	10	0	0	8	23	14	25	29	0	15
mmu-miR-200c-3p	21	25	18	16	28	0	13	15	12	22	21	20	7	6	6	22	18	17	29	8	19
mmu-miR-201-5p	53	38	28	28	41	37	44	45	72	39	4	10	0	0	0	41	58	36	41	0	55
mmu-miR-203-3p	765	462	447	315	503	691	601	481	717	483	172	278	11	11	14	820	560	398	1049	26	428
mmu-miR-204-5p	2795	2859	2458	1642	2561	2683	3950	3733	4299	2773	1834	2384	689	688	308	2881	3034	3467	3095	734	2350
mmu-miR-208a-3p	6532	2474	3465	3197	3764	1819	3080	3205	5292	2648	277	539	17	12	14	2319	5289	1981	3026	36	3102
mmu-miR-208a-5p	418	463	386	272	352	109	548	327	458	408	395	471	344	236	246	343	398	471	363	212	305
mmu-miR-208b-3p	1060	746	564	601	848	15264	10492	22439	34711	8218	1067	994	97	102	156	13236	6289	9976	24880	115	2641
mmu-miR-20a-3p	12	8	14	15	13	5	7	11	9	11	6	0	0	0	0	11	0	5	22	0	11
mmu-miR-20a-5p	630	445	382	255	425	320	547	358	668	404	225	346	19	12	12	514	543	441	643	24	414
mmu-miR-210-3p	559	606	443	281	454	672	739	1178	1710	521	452	448	175	218	128	962	507	955	1291	179	348
mmu-miR-210-5p	101	106	105	71	100	91	146	230	275	94	81	113	86	99	60	143	113	167	173	63	75
mmu-miR-212-3p	285	315	273	205	444	284	376	403	777	221	216	805	140	130	115	471	324	484	398	138	270
mmu-miR-212-5p	68	58	32	26	73	46	83	100	219	68	42	68	26	23	17	85	78	102	79	18	56
mmu-miR-214-3p	381	373	286	279	452	788	1731	2202	2569	1220	1158	815	737	873	889	1710	688	2533	4930	364	387
mmu-miR-214-5p	128	127	100	71	115	252	536	637	746	324	153	143	63	83	51	570	191	577	1134	40	135
mmu-miR-215-3p	25	9	15	14	0	14	16	21	17	14	0	0	0	0	0	26	13	16	19	0	0
mmu-miR-215-5p	775	332	589	548	343	987	681	663	883	491	49	113	0	0	0	931	659	405	755	5	580
mmu-miR-218-1-3p	22	6	16	12	35	20	33	15	19	8	15	14	0	6	14	29	10	26	52	6	21
mmu-miR-218-5p	162	143	71	62	173	154	210	195	212	74	38	57	7	0	0	200	95	135	503	0	135
mmu-miR-219a-1-3p	46	39	43	29	37	26	53	29	27	42	25	50	19	20	24	40	31	39	45	27	30
mmu-miR-219a-5p	44	23	34	19	32	18	24	18	28	12	0	9	0	0	0	24	30	21	31	0	18
mmu-miR-21a-3p	120	138	120	91	153	335	197	733	828	231	66	92	21	32	15	247	206	371	693	22	57
mmu-miR-21a-5p	16020	15751	12473	9814	14717	44628	39963	67466	137223	29524	3220	5022	191	227	362	57570	27811	53172	131418	314	11888
mmu-miR-22-3p	1483577	953804	1100406	730202	960698	725515	1203982	1040025	1596831	930324	552284	767291	194129	133533	95173	1254454	1130561	1055155	1320332	192824	998259
mmu-miR-22-5p	670	555	450	271	424	187	622	508	697	501	224	272	21	14	9	574	492	426	720	25	411
mmu-miR-221-3p	2790	3110	2184	1747	1987	4527	4816	5068	5682	3568	2828	3236	1934	1509	959	4708	3245	5609	5555	1172	2255
mmu-miR-221-5p	50	40	33	35	29	50	63	61	100	41	34	49	11	10	5	88	77	67	110	10	57
mmu-miR-222-3p	927	1077	1065	792	876	1522	1757	2749	2957	1457	1410	1532	1019	928	553	1830	1561	2738	2512	571	987
mmu-miR-222-5p	24	40	34	26	44	56	46	72	80	39	24	35	5	7	0	59	32	44	42	6	53
mmu-miR-223-3p	529	732	443	327	576	432	699	831	982	683	128	178	16	13	6	661	654	636	1263	16	349
mmu-miR-223-5p	21	38	9	18	34	21	0	42	37	17	13	26	0	0	0	33	21	36	46	0	24
mmu-miR-224-5p	74	87	78	39	77	105	251	309	339	141	150	103	25	26	15	321	95	296	603	29	78
mmu-miR-23a-3p	18945	14848	11951	8299	11191	15056	22513	24854	29013	12459	10724	9088	3196	2723	1668	26433	13936	28265	24899	3789	17265
mmu-miR-23a-5p	18	17	15	0	9	0	14	20	13	8	5	13	7	0	10	16	0	21	16	8	0
mmu-miR-23b-3p	15578	15806	11178	7463	11073	18084	27884	31117	36254	16311	13386	12652	7404	6548	4357	28607	16277	35675	25377	5924	14679
mmu-miR-23b-5p	0	12	8	11	0	0	12	20	16	16	0	19	0	3	9	23	13	24	26	8	0
mmu-miR-24-1-5p	62	41	48	30	60	51	102	91	155	67	24	47	16	8	5	94	78	86	111	0	53
mmu-miR-24-2-5p	3155	2190	2249	1520	2287	1455	3508	4150	6401	2643	940	1428	165	117	68	3167	3284	3214	4131	173	2097
mmu-miR-24-3p	10884	9130	7261	3684	7169	13575	16607	15098	24339	11827	6912	8215	2222	1612	913	15393	10686	14448	20450	1485	6447
mmu-miR-25-3p	7447	6241	5768	4170	5518	7158	8443	6628	8433	6225	3863	5155	1621	1412	701	7791	6421	7199	10245	1665	5002
mmu-miR-25-5p	29	19	17	14	34	15	43	31	31	16	19	28	9	13	14	40	23	26	24	18	26
mmu-miR-26a-2-3p	34	26	27	26	33	15	30	27	35	28	0	6	0	0	0	39	23	16	40	4	27
mmu-miR-26a-5p	326194	240088	232060	148390	218840	255247	334649	282576	376927	225592	119138	151277	21656	15199	11960	389527	240777	259189	440916	24468	212817
mmu-miR-26b-3p	204	193	209	148	160	54	243	172	163	151	65	100	26	25	19	200	134	162	211	39	141
mmu-miR-26b-5p	31918	23667	20528	13320	18697	25013	25300	19984	30182	20354	6389	10583	907	592	394	28243	22406	19261	34729	944	17960
mmu-miR-27a-3p	24749	17600	16814	11805	17682	17418	27720	29961	44238	20788	6996	10863	1681	1336	1007	24192	23964	22829	33032	1552	15542
mmu-miR-27a-5p	90	117	78	39	71	59	79	128	92	66	58	57	23	32	27	145	54	75	109	34	81
mmu-miR-27b-3p	300097	220289	221518	143945	212371	424269	462856	497030	821510	345471	133071	197162	30526	23833	13830	404957	385784	428199	546718	29097	223768
mmu-miR-27b-5p	304	249	374	232	262	481	569	723	859	361	255	289	79	70	39	495	425	588	618	117	327
mmu-miR-28a-3p	622	634	573	358	548	717	875	759	987	648	563	709	338	308	193	766	632	892	947	293	454
mmu-miR-28a-5p	1362	1131	1295	804	1182	708	1831	1681	2027	1325	1275	1192	516	481	548	1807	1381	1675	1913	713	996
mmu-miR-296-5p	26	23	21	22	23	27	43	40	38	18	24	27	13	15	11	43	19	48	55	13	20
mmu-miR-298-5p	71	63	64	44	58	154	159	198	259	81	83	74	61	93	58	121	86	252	235	32	55
mmu-miR-299a-3p	20	16	0	0	15	25	21	20	19	16	8	0	0	0	0	23	16	21	37	0	11
mmu-miR-299a-5p	12	7	0	0	0	12	13	17	19	6	9	6	5	0	0	20	10	16	23	4	0
mmu-miR-299b-3p	0	3	8	5	9	14	10	11	13	8	6	0	0	0	0	15	4	9	19	0	6
mmu-miR-29a-3p	37967	32375	27334	19550	26855	13478	35760	29884	37010	26210	12858	17310	4964	3605	2951	37165	25266	26218	42439	4873	24561
mmu-miR-29a-5p	243	216	173	128	207	147	274	229	271	131	85	128	6	0	0	178	157	156	261	0	144
mmu-miR-29b-1-5p	23	19	15	13	21	14	21	15	11	11	13	5	5	0	0	16	11	26	11	4	18
mmu-miR-29b-2-5p	22	30	21	23	25	15	29	12	32	18	27	22	7	10	5	22	23	30	21	10	22
mmu-miR-29b-3p	684	445	410	326	469	196	534	638	842	442	44	116	12	8	14	521	490	399	797	15	380
mmu-miR-29c-3p	5599	3366	3950	3086	3828	1774	3942	2826	4046	3007	534	1157	73	47	54	3681	3747	2365	3830	127	3159
mmu-miR-29c-5p	96	90	80	37	69	39	78	74	88	61	37	60	13	10	9	67	57	59	76	9	54
mmu-miR-300-3p	129	143	129	81	123	227	277	364	446	233	118	136	32	29	39	223	124	285	451	39	94
mmu-miR-301a-3p	1678	1075	1040	756	1132	2229	1693	1685	3935	1430	132	305	34	38	57	2089	1850	1422	3518	17	1307
mmu-miR-301a-5p	17	10	0	13	15	7	14	16	20	7	0	8	0	0	0	19	15	20	23	0	14
mmu-miR-301b-3p	18	8	0	9	0	13	14	18	11	8	0	0	0	0	0	9	18	19	13	0	0
mmu-miR-3057-5p	177	174	189	133	137	164	188	148	149	124	133	188	89	79	52	136	163	178	143	112	159
mmu-miR-3058-3p	28	37	34	31	0	0	35	26	23	18	0	42	15	0	0	32	0	0	22	18	27
mmu-miR-3061-3p	76	47	48	39	45	70	80	72	103	41	33	63	7	0	0	52	45	59	53	11	46
mmu-miR-3061-5p	20	19	28	16	20	17	32	17	28	15	21	34	11	6	3	19	22	27	24	13	26
mmu-miR-3065-3p	105	121	123	149	207	153	311	192	114	75	92	224	0	0	134	246	106	252	115	130	171
mmu-miR-3068-3p	176	142	99	112	141	143	179	200	335	130	22	67	4	12	6	178	176	200	215	9	174
mmu-miR-3068-5p	41	26	18	24	32	39	43	57	71	16	13	15	3	0	0	33	35	33	42	0	33
mmu-miR-3071-3p	30	18	24	25	25	19	42	40	48	26	0	15	0	0	0	36	21	24	42	0	21
mmu-miR-3071-5p	167	177	207	161	224	119	230	185	165	91	0	157	0	0	0	105	0	105	200	0	158
mmu-miR-3074-1-3p	20	19	16	16	22	10	39	31	20	20	16	23	7	0	13	22	15	21	24	0	16
mmu-miR-3074-5p	278	217	218	130	229	443	441	409	644	171	104	129	28	22	19	251	163	204	268	27	107
mmu-miR-3076-3p	31	29	22	19	0	0	40	30	0	0	25	28	0	9	0	29	29	31	29	0	0
mmu-miR-3082-3p	68	63	57	44	75	58	63	66	85	63	26	42	13	17	8	71	52	69	73	0	47
mmu-miR-3084-3p	42	27	23	0	53	33	29	34	53	29	13	29	5	8	0	52	22	40	46	0	37
mmu-miR-3084-5p	10	0	11	0	0	7	10	11	21	0	0	11	0	0	0	17	9	10	12	0	19
mmu-miR-3086-5p	20	9	17	11	17	19	16	17	10	12	14	23	0	0	0	25	13	17	18	8	0
mmu-miR-3098-3p	22	24	29	20	40	18	18	24	18	12	6	34	9	10	0	43	15	33	21	5	42
mmu-miR-3098-5p	33	20	34	35	35	16	24	26	24	19	0	29	9	8	0	29	26	28	18	6	34
mmu-miR-30a-3p	8839	8127	7828	4756	6224	6253	7915	5692	7108	5726	3302	4461	1174	1040	677	7252	5986	5571	7879	1293	5457
mmu-miR-30a-5p	331220	201498	209036	141931	200522	238632	216658	182710	275457	182726	69568	120273	13873	8582	5671	206551	223893	178932	263882	18190	175220
mmu-miR-30b-3p	121	103	80	47	88	85	101	70	86	76	54	69	33	24	12	89	75	70	101	27	83
mmu-miR-30b-5p	20220	12944	13905	10095	14566	4679	15025	12136	17859	11592	3072	5387	309	195	188	16500	14848	11889	18222	601	13103
mmu-miR-30c-1-3p	678	579	626	426	499	309	541	428	419	392	382	385	171	161	161	481	428	371	544	242	530
mmu-miR-30c-2-3p	1063	1037	1184	687	832	677	1034	730	732	686	696	680	307	322	287	931	823	769	871	527	798
mmu-miR-30c-5p	87133	64505	71503	49503	64781	24533	71732	52767	65384	57473	21861	35678	3603	2231	1455	65100	66819	52056	61653	5823	58935
mmu-miR-30d-3p	922	688	689	440	670	500	783	695	930	589	80	164	15	10	10	650	677	488	920	13	543
mmu-miR-30d-5p	177183	140093	123783	80016	121042	117248	146801	112743	156159	110126	81536	97984	38050	30600	21625	144774	115438	118623	144316	35142	107964
mmu-miR-30e-3p	13317	11582	11106	7552	9330	8618	10227	6803	8557	8450	3531	4869	1028	815	606	9222	8087	6211	9769	1276	7613
mmu-miR-30e-5p	217057	129661	138620	101401	135763	110597	130202	95332	141520	110535	25976	53896	2238	1357	1357	117627	143643	90762	131544	4137	120243
mmu-miR-31-3p	28	21	0	20	24	14	13	28	20	8	0	10	0	0	0	15	14	9	23	0	17
mmu-miR-31-5p	649	735	409	304	652	473	906	862	967	547	452	398	174	215	169	970	488	780	1404	191	558
mmu-miR-3100-5p	30	0	20	0	0	0	29	32	36	19	0	28	0	12	0	24	18	0	25	0	0
mmu-miR-3102-3p	178	200	193	105	194	86	232	254	375	235	219	237	128	133	115	185	162	306	355	107	137
mmu-miR-3102-3p.2-3p	104	105	126	79	116	69	70	131	140	88	105	105	0	59	54	117	69	110	175	68	68
mmu-miR-3102-5p.2-5p	30	28	15	20	21	10	25	37	35	23	17	32	13	10	15	29	20	31	44	14	20
mmu-miR-3109-3p	13	14	0	17	21	14	17	20	33	17	11	18	0	4	0	24	13	23	24	0	13
mmu-miR-32-3p	11	13	13	0	10	7	18	15	6	12	0	0	0	2	0	15	15	13	5	0	8
mmu-miR-32-5p	151	105	97	119	95	76	126	106	160	101	9	4	0	0	3	84	137	64	106	0	60
mmu-miR-320-3p	1571	1876	1836	982	1396	1360	2868	2163	2234	1755	2037	1667	1454	1491	1814	2526	1380	2342	3485	1577	1225
mmu-miR-322-3p	1075	732	772	529	732	744	1025	1055	1585	722	456	560	59	56	25	856	1061	915	893	95	787
mmu-miR-322-5p	6934	5388	4699	3195	4723	4653	7798	6733	10939	5324	864	1934	64	45	33	6812	7564	5879	6957	94	4708
mmu-miR-324-3p	66	72	67	48	69	45	96	91	100	66	64	90	50	55	58	90	60	100	160	43	53
mmu-miR-324-5p	110	117	66	45	64	111	177	176	190	82	100	96	63	66	70	180	85	161	208	77	64
mmu-miR-326-3p	124	132	106	83	121	69	201	234	241	128	111	161	91	107	68	169	163	268	272	68	88
mmu-miR-328-3p	4281	4325	4943	3329	3398	2387	5116	3559	3751	3512	3578	3707	2820	2902	3133	4166	3614	3666	4354	3175	3422
mmu-miR-329-3p	0	90	0	0	49	94	74	76	83	31	0	23	0	0	6	121	22	77	73	0	48
mmu-miR-329-5p	36	16	26	23	34	28	41	54	54	28	26	28	11	10	23	47	24	46	66	10	28
mmu-miR-33-3p	22	11	21	20	22	0	23	0	21	13	0	0	0	0	0	28	19	25	22	0	0
mmu-miR-33-5p	39	33	20	39	36	26	52	56	77	32	0	0	0	0	0	31	37	35	41	0	31
mmu-miR-330-3p	68	57	52	46	86	45	83	66	92	51	45	84	49	57	36	93	58	96	59	32	65
mmu-miR-330-5p	193	223	173	139	173	165	239	252	314	187	113	150	54	51	46	226	220	254	272	66	150
mmu-miR-331-3p	357	328	226	167	242	120	460	426	639	394	317	358	243	225	172	427	364	488	504	143	234
mmu-miR-331-5p	40	35	33	51	60	34	43	23	31	38	28	45	10	18	17	51	33	39	42	17	39
mmu-miR-335-3p	345	552	342	210	598	604	448	486	990	346	82	225	14	12	0	246	507	555	416	16	352
mmu-miR-335-5p	348	393	356	256	556	436	477	441	1309	362	81	138	0	6	0	308	876	384	527	5	548
mmu-miR-337-3p	15	13	12	0	22	11	15	16	20	12	0	0	0	0	0	21	11	21	44	0	18
mmu-miR-337-5p	47	44	31	21	45	36	74	75	110	53	59	41	25	28	24	67	43	85	115	19	22
mmu-miR-338-3p	586	388	529	391	412	263	400	331	359	291	58	168	38	22	32	436	321	300	366	42	313
mmu-miR-338-5p	22	24	44	20	26	20	35	17	19	16	16	30	8	6	0	41	19	27	28	9	31
mmu-miR-339-3p	324	336	290	187	304	146	417	433	461	297	225	291	161	168	132	359	338	448	451	142	233
mmu-miR-339-5p	306	314	222	155	250	219	396	341	417	238	152	212	83	109	82	417	240	372	464	95	192
mmu-miR-340-3p	164	119	133	113	148	57	163	172	245	125	31	85	9	7	10	111	154	141	172	4	105
mmu-miR-340-5p	1365	756	821	579	843	1335	1090	1275	2372	836	111	160	28	19	51	1021	1393	693	2059	34	760
mmu-miR-341-3p	43	40	35	25	35	80	44	97	93	50	27	48	16	26	7	72	40	83	125	20	28
mmu-miR-342-3p	612	576	551	286	486	346	915	759	1093	631	424	539	216	205	151	752	646	749	1003	136	434
mmu-miR-342-5p	20	25	12	16	36	15	23	28	34	13	26	28	8	11	11	27	12	22	38	6	13
mmu-miR-344d-3p	15	0	9	7	12	24	19	22	30	21	8	24	4	3	3	12	12	32	20	4	0
mmu-miR-345-3p	422	358	306	223	317	242	371	332	551	299	227	333	89	70	69	331	405	390	501	88	281
mmu-miR-345-5p	341	239	254	177	238	195	386	291	395	277	201	316	119	96	76	329	272	402	373	81	226
mmu-miR-3470a	58	59	69	76	66	72	60	80	40	39	40	137	29	23	21	107	35	90	75	44	112
mmu-miR-3470b	108	75	64	72	107	102	103	97	58	59	74	166	38	27	35	184	62	121	92	55	158
mmu-miR-3473b	16	30	15	18	18	12	27	15	15	5	11	30	6	7	11	35	9	22	12	8	19
mmu-miR-3473d	40	43	60	45	47	0	57	59	59	43	30	42	10	15	0	58	43	44	43	28	49
mmu-miR-34a-5p	1356	1079	854	514	674	744	1441	916	1359	1056	715	918	385	319	278	1028	979	1104	1017	314	681
mmu-miR-34b-3p	20	21	18	24	29	30	46	92	83	42	24	24	6	11	0	62	21	80	91	10	22
mmu-miR-34b-5p	20	13	8	11	18	32	43	85	100	42	12	18	0	4	0	73	17	63	107	0	20
mmu-miR-34c-3p	29	22	24	0	34	33	37	49	48	32	12	40	0	6	0	53	26	46	57	0	17
mmu-miR-34c-5p	191	243	217	137	256	526	892	1552	2227	791	404	313	40	84	65	1201	373	1454	2156	65	192
mmu-miR-350-3p	64	48	39	45	56	45	82	71	104	50	18	30	4	8	0	92	44	101	144	0	45
mmu-miR-350-5p	83	90	68	42	86	92	117	93	131	74	77	86	52	47	46	97	77	91	138	43	67
mmu-miR-351-5p	3114	3456	2757	1887	3081	3260	4735	5189	7414	3129	3018	3271	2421	2887	2068	2608	3579	4941	3851	1740	2535
mmu-miR-3535	44	35	29	27	28	30	40	35	37	20	13	27	3	0	0	44	38	44	48	0	35
mmu-miR-361-3p	448	346	355	296	368	341	540	466	524	406	320	479	264	192	193	565	383	521	612	169	333
mmu-miR-361-5p	824	685	572	400	532	737	970	901	1123	643	642	592	249	223	133	1052	633	1224	1099	213	655
mmu-miR-362-3p	66	30	27	37	38	48	68	67	79	60	10	22	0	0	0	61	55	53	91	0	30
mmu-miR-362-5p	16	21	15	13	29	8	26	28	22	20	13	27	0	0	5	36	22	17	31	0	26
mmu-miR-363-3p	0	13	12	8	0	5	12	9	17	0	0	0	0	0	0	18	9	18	16	0	0
mmu-miR-365-3p	270	189	190	101	191	136	310	320	463	213	149	169	64	58	20	308	234	297	315	60	180
mmu-miR-369-3p	17	13	11	9	22	14	22	30	26	21	0	0	0	0	0	22	18	16	28	0	11
mmu-miR-369-5p	16	20	21	13	12	16	15	32	35	25	9	12	3	0	0	32	17	22	47	0	15
mmu-miR-374b-5p	180	85	84	74	87	85	97	96	135	94	54	64	4	3	0	137	101	102	207	3	116
mmu-miR-374c-3p	39	18	21	16	18	25	27	24	21	19	6	10	0	0	0	21	19	25	32	0	13
mmu-miR-375-3p	16	30	9	17	24	13	39	18	24	18	9	23	0	8	12	31	14	16	26	9	22
mmu-miR-376a-5p	0	9	11	18	14	0	25	17	27	11	0	0	0	0	0	14	6	16	17	0	15
mmu-miR-376b-3p	10	0	12	11	0	7	17	19	24	15	0	0	0	0	0	11	0	0	27	0	8
mmu-miR-376b-5p	26	20	19	21	21	12	48	42	48	26	10	6	0	0	4	38	28	37	59	0	22
mmu-miR-376c-3p	14	10	9	10	14	15	17	20	28	19	3	0	0	0	0	24	10	16	28	0	17
mmu-miR-378a-3p	302604	274945	260392	170205	227164	206245	292244	201795	245493	202568	160240	203613	72903	64854	46024	238383	221383	204682	259789	79334	199620
mmu-miR-378a-5p	2310	2472	1675	1012	1727	900	2300	1621	2256	2018	1306	1680	853	676	642	2064	1551	1935	2178	614	1287
mmu-miR-378b	5416	4351	4199	2965	3850	3546	5042	3437	4418	2613	1431	2469	707	432	365	2681	2840	2450	3220	660	2517
mmu-miR-378c	10421	7945	7305	5382	6961	4555	8331	5477	6802	4926	2527	4044	1018	800	576	5561	5850	4528	6273	1139	5103
mmu-miR-378d	106	100	109	65	97	85	121	84	87	0	51	59	17	20	0	62	75	49	81	37	65
mmu-miR-379-3p	24	16	19	18	17	18	31	49	46	25	9	23	4	0	2	33	16	33	54	0	34
mmu-miR-379-5p	112	59	62	30	70	146	154	155	247	112	91	56	6	7	0	137	79	156	194	15	60
mmu-miR-380-3p	14	10	8	7	27	9	12	21	45	14	0	10	0	0	0	18	17	19	16	0	0
mmu-miR-381-3p	153	114	140	85	120	180	207	196	268	215	65	86	14	14	11	181	124	262	314	25	91
mmu-miR-382-5p	19	14	16	16	16	24	23	20	16	8	25	22	0	14	7	27	11	34	43	5	11
mmu-miR-3963	2329	1921	2114	1966	2378	0	0	0	2111	0	0	728	0	0	0	1700	1714	1401	2289	396	0
mmu-miR-409-3p	49	83	82	32	54	101	77	127	177	78	70	46	22	63	28	79	55	117	139	24	52
mmu-miR-409-5p	0	11	0	0	10	0	0	16	19	8	3	0	0	0	0	11	7	23	12	0	10
mmu-miR-410-3p	136	118	93	93	117	260	170	306	480	137	103	100	24	42	12	193	105	238	369	24	95
mmu-miR-411-3p	20	16	24	11	23	32	32	42	61	30	14	9	2	6	0	26	36	36	54	0	15
mmu-miR-411-5p	1149	902	850	611	999	2374	1950	2516	3843	1569	657	675	146	145	91	2032	1123	2007	3788	127	798
mmu-miR-421-3p	262	225	226	157	223	272	319	371	471	243	167	177	28	20	11	328	304	341	469	45	208
mmu-miR-423-3p	3145	3403	3126	2122	2674	1330	4169	3419	3651	2826	2984	2771	2179	2393	2255	3305	2620	3541	3550	2248	2675
mmu-miR-423-5p	1913	2123	2620	1921	1817	1114	2865	2262	2147	1847	2197	1758	1562	1799	1880	2334	1856	2395	2464	2046	1771
mmu-miR-425-3p	216	204	205	180	215	123	260	243	251	170	171	225	106	103	107	236	160	222	198	123	157
mmu-miR-425-5p	854	816	723	494	720	813	1102	1150	1732	798	575	700	231	209	92	1051	881	1160	1338	213	604
mmu-miR-429-3p	9	0	14	12	12	10	13	24	15	7	6	11	0	0	0	18	6	13	23	0	14
mmu-miR-431-5p	58	58	51	45	85	118	122	173	209	91	74	87	24	42	23	130	66	173	159	45	54
mmu-miR-433-3p	22	23	20	29	42	41	48	56	45	20	31	42	16	22	35	38	19	52	46	22	24
mmu-miR-434-3p	533	450	499	363	508	304	1211	1492	1658	874	290	289	89	141	115	1181	478	1029	1943	91	450
mmu-miR-434-5p	123	129	104	65	113	124	252	354	453	184	65	80	10	11	9	237	139	270	321	15	98
mmu-miR-449a-5p	0	0	0	9	19	19	15	11	8	9	0	10	0	0	0	12	7	21	15	0	0
mmu-miR-450a-5p	358	294	274	209	247	157	344	284	483	253	47	129	6	9	12	256	310	265	296	0	244
mmu-miR-450b-3p	0	15	15	9	14	11	18	11	20	11	9	11	0	0	0	28	14	16	15	0	17
mmu-miR-450b-5p	234	130	139	97	149	134	153	152	318	122	14	29	0	0	0	125	196	113	167	0	121
mmu-miR-451a	6122	1830	2999	3349	3259	1770	2520	3485	7764	3025	710	1712	66	34	23	1671	5625	3027	3533	78	3170
mmu-miR-455-3p	93	66	42	34	57	230	134	486	884	466	95	94	93	74	65	142	76	1124	654	25	56
mmu-miR-455-5p	1463	626	566	1342	684	436	648	783	646	356	50	57	9	0	0	888	406	478	783	32	814
mmu-miR-466a-3p/mmu-miR-466e-3p	5	7	3	7	6	0	3	6	8	6	0	0	0	0	0	0	8	9	10	0	4
mmu-miR-466i-5p	9	8	2	7	14	9	7	8	16	7	5	21	5	2	7	17	7	12	8	0	8
mmu-miR-467b-5p	18	17	17	9	18	5	20	9	28	9	7	15	0	2	0	16	6	11	16	0	15
mmu-miR-467c-5p	19	19	13	10	19	11	14	11	19	9	13	17	6	4	5	15	21	23	16	6	23
mmu-miR-467d-5p	18	32	13	17	15	6	14	7	13	8	12	17	6	0	0	17	17	14	14	0	14
mmu-miR-467e-5p	22	10	13	9	13	5	19	11	16	11	0	9	0	0	0	9	16	6	7	0	13
mmu-miR-470-5p	30	19	22	13	31	20	29	20	28	18	15	0	0	8	0	31	21	19	30	0	21
mmu-miR-483-3p	44	69	38	0	66	36	0	51	36	27	31	103	18	30	0	72	0	61	39	0	68
mmu-miR-484	1861	1872	1442	1081	1783	820	2260	2284	2977	2123	1577	1871	1322	1187	952	1831	1957	2766	2761	853	1340
mmu-miR-485-3p	10	8	13	11	15	16	14	25	22	10	12	14	0	4	6	20	7	26	12	11	13
mmu-miR-485-5p	22	14	16	13	28	10	15	28	17	12	13	17	6	8	11	26	16	15	25	5	13
mmu-miR-486a-3p	6678	6767	6337	4472	4890	6632	6543	4552	6035	2962	2895	2977	2156	2104	2139	2630	3003	3191	2515	2691	2831
mmu-miR-486a-5p	138276	142386	118791	80834	97532	142063	148879	92363	122235	108701	89404	95505	80395	69665	78216	88608	98081	114325	88835	82343	87091
mmu-miR-486b-3p	3274	3221	2919	1967	2316	3731	3163	2329	3074	1086	961	1049	612	610	572	901	1014	1158	852	763	939
mmu-miR-486b-5p	707552	708192	591756	392051	495600	768662	717923	515228	685290	557230	438757	467154	420923	391277	367852	470013	509553	592057	452365	397632	426211
mmu-miR-487b-3p	8	0	8	0	23	7	13	27	17	11	0	0	0	0	0	11	10	15	20	5	0
mmu-miR-488-3p	88	58	59	43	73	58	85	97	85	69	0	33	10	0	0	76	78	57	76	12	47
mmu-miR-488-5p	21	9	10	0	19	11	14	10	14	6	0	0	0	0	0	24	11	16	0	0	0
mmu-miR-490-3p	1347	1507	1158	770	1322	1264	1820	1835	2954	1235	1068	1257	469	545	332	1640	1208	1722	1769	479	1190
mmu-miR-490-5p	32	67	32	27	51	26	37	48	45	33	29	46	30	38	19	46	22	42	33	18	25
mmu-miR-496a-3p	8	0	0	0	0	10	0	16	20	9	0	10	0	0	0	7	5	2	13	0	14
mmu-miR-497a-5p	1594	1579	1479	1095	1671	1079	4229	4396	4344	2858	1437	1806	689	692	390	3708	2209	3677	4958	479	1391
mmu-miR-499-3p	113	48	60	68	92	37	89	65	70	59	24	71	0	0	0	81	85	49	49	0	69
mmu-miR-499-5p	7998	5010	5442	3625	4439	2023	5298	2896	4457	4700	516	1390	79	21	40	3592	6656	3518	3329	78	4190
mmu-miR-500-3p	36	28	32	23	49	32	52	67	81	49	37	54	11	26	30	95	34	62	81	21	36
mmu-miR-501-3p	76	76	64	46	77	111	138	137	158	116	157	178	116	127	118	173	144	204	321	79	94
mmu-miR-501-5p	0	45	0	0	0	31	49	49	39	31	39	0	13	14	10	55	22	36	40	0	31
mmu-miR-503-3p	82	84	62	49	65	48	77	86	96	59	63	73	32	33	24	105	75	94	79	21	81
mmu-miR-503-5p	0	19	0	14	0	8	17	16	20	15	11	28	4	0	0	32	13	16	19	7	0
mmu-miR-504-5p	134	183	97	96	120	69	188	133	194	97	131	118	68	80	41	129	94	133	98	74	145
mmu-miR-505-3p	14	15	10	15	0	0	17	16	16	11	0	18	3	0	0	23	7	16	14	0	0
mmu-miR-505-5p	355	255	232	195	309	154	308	455	432	253	176	287	160	105	84	309	301	268	319	94	241
mmu-miR-5099	40	47	42	42	58	38	60	67	64	40	17	41	12	16	13	54	36	49	35	13	41
mmu-miR-5100	127	150	118	93	128	0	171	91	120	96	89	144	0	62	68	123	90	105	127	55	97
mmu-miR-5107-3p	0	0	0	0	24	15	15	27	14	0	0	23	0	6	0	23	15	0	23	0	18
mmu-miR-511-3p	64	51	43	33	51	36	60	59	102	32	22	49	4	6	0	82	52	75	127	0	42
mmu-miR-5114	0	24	0	0	24	21	22	22	0	0	0	36	4	7	0	0	19	26	23	0	0
mmu-miR-5121	54	43	48	55	66	28	52	67	64	33	14	51	10	0	0	70	35	45	55	0	48
mmu-miR-5122	35	29	36	17	45	31	42	42	44	35	21	48	20	15	33	42	27	42	49	15	34
mmu-miR-5126	46	63	37	50	99	48	82	72	42	36	33	207	24	22	59	88	43	65	0	57	71
mmu-miR-532-3p	44	60	52	34	65	20	75	79	69	62	55	58	49	38	39	81	55	77	113	35	37
mmu-miR-532-5p	947	925	688	450	773	1363	1431	1191	1743	1051	908	911	370	302	216	1554	960	1330	2669	321	718
mmu-miR-540-3p	35	35	29	35	45	35	38	47	53	43	33	32	17	21	20	47	27	38	59	14	24
mmu-miR-540-5p	49	22	37	0	47	29	35	53	25	33	15	50	0	0	0	59	23	40	53	0	36
mmu-miR-541-5p	408	454	435	295	427	781	892	1083	1300	661	647	425	157	166	101	819	438	1084	1412	183	317
mmu-miR-542-3p	100	54	69	48	88	135	93	70	207	51	12	21	0	0	0	98	120	68	104	0	75
mmu-miR-542-5p	35	33	32	23	23	28	43	39	48	28	23	20	15	13	5	35	31	30	32	8	22
mmu-miR-543-3p	6	8	12	0	0	10	12	11	22	0	8	8	4	0	0	14	0	13	14	0	0
mmu-miR-547-3p	56	49	39	31	51	50	87	68	93	59	15	34	0	0	0	62	55	82	65	0	66
mmu-miR-5709-5p	38	25	26	25	29	19	29	19	33	17	0	14	0	0	0	35	28	20	21	0	33
mmu-miR-574-3p	555	524	467	339	452	542	1181	1295	1306	941	718	614	347	343	258	1101	580	1284	1674	217	471
mmu-miR-574-5p	74	71	61	47	80	81	161	137	152	104	142	94	74	75	80	180	76	131	332	70	58
mmu-miR-582-3p	278	227	193	148	1799	464	414	472	602	227	115	137	36	18	11	655	296	319	583	17	173
mmu-miR-582-5p	31	29	24	23	237	29	41	58	70	24	6	8	0	0	0	78	50	32	79	0	26
mmu-miR-598-3p	19	22	13	28	15	26	20	26	38	26	0	15	0	0	0	23	18	21	23	4	0
mmu-miR-6240	10309	7119	7149	9257	23029	11653	18308	8699	14235	6518	5679	33622	3352	2815	4432	19999	9310	13207	8780	3501	13928
mmu-miR-6395	16	18	16	18	27	0	11	19	13	11	9	21	0	7	0	0	10	16	16	0	18
mmu-miR-6516-5p	41	21	26	18	26	27	36	37	54	22	29	22	4	7	5	40	24	44	30	14	30
mmu-miR-652-3p	870	969	650	448	752	784	1298	1131	1366	1023	934	870	550	577	596	1224	810	1300	1662	430	584
mmu-miR-6538	145	278	100	97	217	102	124	171	109	58	101	461	96	78	174	253	93	255	138	148	217
mmu-miR-664-3p	283	295	244	127	206	211	394	304	410	258	225	277	129	81	80	354	258	361	401	92	234
mmu-miR-664-5p	100	115	120	97	87	121	157	145	192	107	126	129	91	73	58	118	101	138	141	89	92
mmu-miR-666-3p	8	14	0	16	15	10	16	20	22	11	7	14	0	7	0	20	0	6	18	7	9
mmu-miR-666-5p	18	21	20	21	25	19	35	37	32	24	17	21	6	9	6	43	20	21	25	19	38
mmu-miR-667-3p	21	25	22	0	0	15	29	62	51	35	35	37	19	37	0	48	0	41	35	23	0
mmu-miR-668-3p	19	24	22	18	41	21	58	66	57	23	28	30	31	29	26	37	26	46	64	25	21
mmu-miR-669a-3p/mmu-miR-669o-3p	13	14	7	8	14	0	7	10	13	10	0	0	0	2	0	6	5	10	10	0	4
mmu-miR-669a-5p/mmu-miR-669p-5p	24	31	24	22	16	17	19	13	22	18	7	14	0	0	0	22	22	29	16	0	27
mmu-miR-669b-5p	5	8	4	7	8	11	10	6	8	7	2	9	0	0	0	0	7	10	7	0	6
mmu-miR-669c-5p	14	11	11	11	20	6	14	11	9	14	12	13	0	4	6	13	18	10	13	7	6
mmu-miR-669o-5p	40	20	34	19	22	0	19	14	14	18	0	0	0	0	0	0	16	17	11	0	26
mmu-miR-671-3p	336	378	376	188	309	418	598	561	567	414	309	314	231	317	236	473	324	482	729	232	258
mmu-miR-671-5p	72	56	67	33	75	49	95	98	154	86	60	81	25	19	25	105	65	92	165	18	49
mmu-miR-672-5p	20	7	9	10	21	12	23	15	11	8	6	4	0	5	3	19	12	15	15	7	10
mmu-miR-673-3p	39	25	24	0	60	34	54	47	48	25	26	63	22	12	21	50	25	38	44	25	44
mmu-miR-673-5p	70	63	51	70	94	102	114	135	134	100	97	79	27	69	51	116	67	154	212	41	65
mmu-miR-674-3p	445	475	426	271	535	311	786	741	801	534	353	407	151	170	115	662	511	827	840	137	472
mmu-miR-674-5p	201	263	215	165	263	118	403	320	399	249	253	286	162	171	143	340	280	356	369	155	182
mmu-miR-676-3p	565	662	643	469	654	690	1124	988	764	703	859	613	488	525	734	1113	519	1111	2110	693	625
mmu-miR-676-5p	208	152	121	107	194	243	244	222	231	174	47	84	8	0	0	256	167	226	468	12	140
mmu-miR-677-5p	43	23	27	45	55	50	57	46	69	43	7	6	0	0	0	62	56	35	50	0	32
mmu-miR-690	4728	3374	3576	2359	2732	3285	2202	3118	3219	2967	726	1563	157	117	55	2311	2527	1594	2226	240	1985
mmu-miR-6929-3p	20	13	19	18	21	0	14	13	0	10	0	0	0	0	0	17	15	15	12	0	18
mmu-miR-6944-3p	57	68	55	34	78	261	266	471	657	177	189	126	166	264	137	117	123	424	411	85	56
mmu-miR-6948-3p	22	25	22	20	23	16	24	34	24	13	6	28	7	0	7	25	16	17	29	0	17
mmu-miR-696	0	7	16	12	18	0	12	0	7	6	0	28	4	0	8	20	0	17	0	6	14
mmu-miR-700-3p	27	46	27	20	32	35	43	32	74	34	26	39	25	25	29	31	30	45	50	20	23
mmu-miR-700-5p	34	42	36	32	44	44	61	61	63	32	38	62	33	32	27	84	39	70	79	13	45
mmu-miR-7015-3p	52	36	41	27	39	39	59	43	56	28	24	31	0	0	0	39	37	46	31	0	29
mmu-miR-7018-3p	12	15	0	11	0	18	16	13	26	13	13	17	6	9	10	31	14	19	17	9	0
mmu-miR-7033-5p	18	0	0	13	0	0	0	21	0	16	0	0	8	9	0	37	18	23	25	6	22
mmu-miR-7035-3p	0	0	18	0	0	8	23	23	33	15	14	14	6	0	0	0	18	25	22	0	0
mmu-miR-7046-3p	51	50	61	44	51	0	63	63	69	57	71	36	32	25	31	41	41	54	67	37	41
mmu-miR-7068-3p	417	378	349	229	297	569	494	402	730	371	268	436	197	115	79	378	468	539	400	119	323
mmu-miR-708-3p	38	0	30	0	34	34	38	32	0	18	13	0	0	0	0	38	20	0	44	0	0
mmu-miR-708-5p	22	0	20	0	20	20	20	13	16	13	16	0	0	0	0	22	15	16	25	0	27
mmu-miR-7083-5p	29	36	0	27	0	29	35	28	23	14	12	32	5	13	11	0	14	32	25	14	41
mmu-miR-709	20	21	19	33	59	17	38	30	24	21	27	67	13	20	18	47	25	33	24	16	33
mmu-miR-712-5p	26	25	15	18	48	22	39	21	28	14	20	71	12	14	23	48	22	26	25	7	31
mmu-miR-714	45	32	31	37	104	27	56	42	33	25	46	122	21	14	54	66	30	37	38	20	48
mmu-miR-7213-5p	25	20	19	16	15	0	0	13	14	18	13	19	5	0	6	15	15	21	28	4	15
mmu-miR-7224-3p	36	0	0	0	50	91	121	104	170	61	51	0	45	0	0	67	40	123	174	0	0
mmu-miR-7225-5p	69	38	39	46	38	33	33	27	31	21	22	19	0	0	0	79	28	42	39	0	73
mmu-miR-7236-3p	18	13	14	0	15	18	14	15	15	11	7	0	0	0	0	14	15	17	18	0	0
mmu-miR-7237-3p	107	0	74	0	0	70	150	124	78	36	53	397	0	0	0	0	72	0	0	0	121
mmu-miR-744-3p	97	65	59	52	75	34	77	69	93	79	15	36	8	0	0	66	58	70	79	5	70
mmu-miR-744-5p	1213	1590	1356	994	1180	866	1656	1564	1899	1144	1340	1098	973	1143	1107	1593	1161	1513	1649	1107	1084
mmu-miR-7688-5p	56	54	44	48	39	114	115	172	155	71	74	76	76	61	39	88	88	187	114	68	56
mmu-miR-7689-3p	0	0	0	0	0	18	20	32	21	18	7	37	13	10	0	15	10	26	14	7	21
mmu-miR-7a-1-3p	46	35	34	33	56	32	67	37	67	34	10	11	0	0	0	51	54	46	71	0	32
mmu-miR-7a-5p	26	29	23	20	24	23	22	15	38	14	6	9	0	0	0	29	26	22	30	0	10
mmu-miR-8103	0	68	57	62	79	37	102	59	94	42	48	0	17	19	0	0	0	59	69	0	79
mmu-miR-8111	33	22	20	18	31	5	20	27	26	19	13	15	9	11	10	28	24	16	22	11	22
mmu-miR-8112	96	105	83	55	65	83	212	112	136	114	120	115	103	81	80	104	100	125	135	65	82
mmu-miR-8114	84	78	78	47	85	76	157	162	193	149	96	93	102	102	86	117	77	246	115	84	67
mmu-miR-871-3p	22	22	9	22	25	9	32	0	14	6	6	9	9	5	0	24	18	20	18	7	24
mmu-miR-872-3p	218	219	148	130	202	70	335	308	435	226	115	162	32	30	11	293	254	276	488	23	178
mmu-miR-872-5p	526	491	441	284	440	354	556	614	817	420	101	191	7	7	7	662	508	544	939	13	404
mmu-miR-874-3p	181	140	161	94	118	54	160	102	111	89	90	142	62	53	49	142	89	104	124	48	140
mmu-miR-874-5p	47	39	51	26	43	21	46	30	43	28	41	56	14	23	24	65	32	41	39	26	40
mmu-miR-877-3p	27	41	41	0	0	25	48	40	36	29	30	41	33	25	18	33	24	39	46	20	23
mmu-miR-877-5p	52	40	41	30	39	23	46	68	68	42	50	47	35	36	55	65	44	64	71	35	38
mmu-miR-9-5p	156	109	173	138	106	91	97	70	95	44	13	45	8	6	8	121	53	68	122	15	111
mmu-miR-92a-1-5p	64	87	54	51	60	37	91	68	73	58	47	69	36	23	19	84	59	62	84	32	61
mmu-miR-92a-3p	61418	61905	55704	33935	45012	55558	70831	49921	58971	49965	52580	53571	40972	39083	39305	71728	46401	56117	75926	38969	42612
mmu-miR-92b-3p	312	339	296	222	290	560	758	762	706	612	592	421	317	481	437	964	299	658	1291	421	301
mmu-miR-93-3p	36	32	37	26	50	21	68	51	51	42	42	74	31	27	15	60	41	57	55	18	28
mmu-miR-93-5p	2933	2467	2113	1560	2314	2708	3503	2835	4177	2397	1909	2356	876	762	469	3087	2989	3244	4265	755	1952
mmu-miR-9769-3p	38	36	21	0	58	23	35	37	0	26	17	34	0	0	0	0	30	38	32	0	40
mmu-miR-98-3p	140	114	118	96	140	107	173	141	212	116	9	18	0	0	3	106	125	96	125	0	82
mmu-miR-98-5p	2456	2077	2017	1250	1459	2886	2658	2275	3768	1750	825	1145	42	30	24	2632	2314	2393	3538	89	1873
mmu-miR-99a-3p	127	105	95	67	95	196	208	260	217	169	68	93	22	20	18	196	144	201	418	25	98
mmu-miR-99a-5p	7617	5412	5426	3333	4864	9596	8667	9378	12882	7241	4400	5020	1433	960	450	8755	6589	8882	12593	1019	4975
mmu-miR-99b-3p	74	89	79	68	106	91	117	158	161	75	66	124	64	55	59	117	83	149	150	58	71
mmu-miR-99b-5p	12981	12702	10516	6658	11013	12388	21757	20346	26345	17739	16337	16637	10011	9575	6714	21826	14893	24390	33678	6535	11778